12
10
1
1
8.77923 10.8045 11.1245 7.84362 9.03158 7.09611 6.36746 10.999 9.90202 8.70468 

3.35044 2.60552 1.72289 2.42188 2.01393 2.28899 3.52051 2.5996 2.93433 1.80738 

21.8699 10.4797 16.0408 10.3467 21.3327 19.8224 25.1198 28.111 30.591 20.3084 

1 1 1 1 1 1 1 1 1 1 

40.856 42.1697 24.879 27.3092 33.1062 42.8818 31.9233 18.2405 25.6705 17.3393 

53.7851 66.7617 72.3458 77.6286 81.9935 109.983 59.4451 61.295 31.7999 33.1669 

0.459485 0.685735 0.818796 0.7635 0.504885 0.747954 0.60109 0.451829 0.748068 0.40333 

408.216 415.202 438.487 473.019 496.69 418.757 427.918 450.766 467.481 498.239 493.801 432.511 

183.326 183.326 183.326 183.326 183.326 183.326 183.326 183.326 183.326 183.326 183.326 183.326 

0.998185 
0.997779 
0.995335 
0.993369 
0.998323 
0.998816 
0.998937 
0.998177 
0.995072 
0.99877 
0.998867 
0.979889 

128.981 

3 

30.0383 

0 1 2 3 4 5 6 7 8 9 

0 1 2 3 4 5 6 7 8 9 

