12
10
4
4
11.888 10.9363 8.76823 9.28359 7.88855 9.48079 11.8594 6.53711 8.05775 6.31794 

2.60697 3.40242 3.16793 3.11698 3.54416 2.31145 2.3887 1.87286 3.17929 2.42669 

20.5235 22.7151 19.6749 15.7961 22.5624 21.9773 16.5536 31.0518 31.7317 17.6516 

1 1 1 1 1 1 1 1 1 1 

27.3934 41.5881 44.7682 32.4634 41.8862 29.6694 25.4017 46.2114 29.8251 34.5235 

96.801 31.9757 105.177 93.4863 81.9058 39.353 51.4651 54.9519 83.5107 50.2998 

0.430935 0.752442 0.958764 0.653168 0.833547 0.925817 0.85922 0.497368 0.884886 0.665439 

471.206 489.793 424.85 417.471 471.406 466.537 430.693 440.72 411.72 401.207 458.867 475.641 

112.194 112.194 112.194 112.194 112.194 112.194 112.194 112.194 112.194 112.194 112.194 112.194 

0.504975 0.0557526 0.188238 0.249947 
0.172201 0.0402512 0.385416 0.401463 
0.148976 0.122343 0.400204 0.328071 
0.0539791 0.334863 0.465942 0.144692 
0.256197 0.452824 0.231657 0.0588564 
0.440186 0.0157227 0.110079 0.433528 
0.36384 0.185207 0.136558 0.313944 
0.333164 0.481573 0.104683 0.0800757 
0.374663 0.0147571 0.111248 0.498786 
0.0382262 0.41989 0.347876 0.193494 
0.141623 0.13096 0.47661 0.250284 
0.0712018 0.361392 0.329105 0.237485 

92.5548 149.729 81.9996 133.178 

3 3 3 3 

56.2563 24.8812 71.044 48.3292 

0 
1 2 3 4 5 6 7 
8 
9 

0 
1 2 3 4 5 6 7 
8 
9 

