12
12
4
4
9.2292 9.77218 9.74228 8.36249 7.3702 6.57733 10.3752 6.86216 7.1364 9.7774 6.16029 6.10685 

3.1056 1.95407 1.60498 3.26245 2.29569 3.52627 3.29449 3.5082 2.20285 2.35625 2.11214 2.67857 

6.25263 15.8383 11.6418 15.9774 15.3574 15.6426 19.2383 19.2866 8.00525 20.4124 18.871 32.0956 

1 1 1 1 1 1 1 1 1 1 1 1 

20.2828 18.3442 45.4111 18.333 34.2307 22.3729 24.3257 28.4946 21.3449 17.3853 33.2441 26.8247 

44.3352 47.6591 62.7957 64.1122 102.929 86.0871 49.8411 96.1361 80.8125 38.2035 28.0745 104.352 

0.738844 0.616876 0.886612 0.602965 0.754284 0.780126 0.745701 0.968187 0.407725 0.852772 0.421602 0.463306 

423.687 435.77 423.814 438.727 436.198 409.108 458.287 450.716 493.083 450.084 415.464 457.438 

104.889 104.889 104.889 104.889 104.889 104.889 104.889 104.889 104.889 104.889 104.889 104.889 

0.17559 0.224994 0.417004 0.181921 
0.273611 0.0614981 0.376104 0.288239 
0.327869 0.129272 0.220308 0.322045 
0.348558 0.261946 0.0941164 0.295027 
0.258572 0.311581 0.284131 0.145354 
0.0947698 0.48074 0.045789 0.378051 
0.401694 0.302645 0.280188 0.0149456 
0.362931 0.201257 0.265976 0.16893 
0.0433229 0.218886 0.490558 0.244382 
0.563676 0.174697 0.0105205 0.250439 
0.362709 0.254329 0.34321 0.0392941 
0.20043 0.2297 0.302029 0.267452 

140.444 91.1214 171.957 85.2552 

3 3 3 3 

55.9145 46.5072 38.4679 12.5224 

0 
1 2 3 4 
5 6 7 8 
9 10 11 

0 
1 2 3 4 
5 6 7 8 
9 10 11 

