12
14
5
5
6.7581 6.97085 11.2891 6.983 11.5771 8.91394 9.70212 6.04506 7.43986 8.79273 8.10551 10.0233 7.73726 10.1021 

2.06283 1.70828 2.95794 2.9427 2.09525 3.03309 1.9972 2.39306 2.9936 2.42214 3.58762 2.11149 3.33779 2.81066 

19.6462 7.24622 22.3621 24.3263 10.0572 12.5321 15.4237 12.9069 8.10063 21.1403 21.092 7.31002 8.87708 24.3126 

1 1 1 1 1 1 1 1 1 1 1 1 1 1 

18.1057 30.0062 47.607 37.8983 26.8278 18.757 21.9972 17.0364 18.1885 25.7398 25.085 22.2849 34.929 39.7116 

34.164 59.9845 26.0949 83.5842 60.2578 104.579 51.9142 109.331 88.0296 35.8279 46.4763 74.3649 46.3545 51.4194 

0.566702 0.814374 0.987523 0.838435 0.801604 0.747294 0.821409 0.725872 0.498185 0.78211 0.996472 0.873596 0.419101 0.999367 

432.432 463.413 497.87 423.738 486.295 424.584 450.187 432.065 405.286 476.843 414.076 455.087 

132.279 132.279 132.279 132.279 132.279 132.279 132.279 132.279 132.279 132.279 132.279 132.279 

0.180006 0.168451 0.217455 0.178493 0.255338 
0.185987 0.250714 0.254756 0.215568 0.0927034 
0.205505 0.193185 0.174151 0.205228 0.221668 
0.241401 0.0631454 0.228833 0.336361 0.129921 
0.168252 0.280542 0.286127 0.0595173 0.20526 
0.0743044 0.243816 0.021314 0.335915 0.324243 
0.139637 0.177434 0.291808 0.212983 0.177824 
0.0476592 0.31741 0.322563 0.295013 0.0169819 
0.331834 0.264816 0.00756317 0.0608251 0.334445 
0.327375 0.00985332 0.361705 0.196432 0.104166 
0.289374 0.160088 0.078423 0.183734 0.288017 
0.204868 0.199624 0.195649 0.235496 0.163986 

114.791 95.109 58.6718 52.0463 154.247 

3 3 3 3 3 

28.5755 27.0731 33.922 31.5059 26.1235 

0 1 2 
3 4 5 
6 7 
8 9 10 11 12 
13 

0 1 2 
3 4 5 
6 7 
8 9 10 11 12 
13 

