12
12
5
5
10.4255 7.55984 8.10717 6.83701 9.90055 11.2648 6.25114 6.92446 8.35169 10.1848 10.2709 7.79095 

2.05181 2.75732 2.18611 2.46621 2.68219 2.75023 1.73247 3.29374 2.49936 2.83133 1.87014 2.19121 

27.9871 24.7952 25.0869 24.6805 31.4262 14.9465 6.46058 9.76482 12.8424 13.9818 14.246 18.1875 

1 1 1 1 1 1 1 1 1 1 1 1 

37.3276 41.1225 43.3547 23.9728 24.4851 32.0792 18.9586 23.0701 39.3984 26.2647 43.0767 18.8089 

89.992 106.444 29.9028 59.6164 48.6461 88.02 85.585 96.9498 33.2062 78.9889 62.017 105.469 

0.601419 0.64595 0.822115 0.824949 0.917905 0.605947 0.483564 0.691939 0.566069 0.470576 0.491798 0.694418 

439.789 472.028 474.336 419.057 494.989 415.513 482.732 449.764 465.565 473.553 453.768 412.85 

82.4559 82.4559 82.4559 82.4559 82.4559 82.4559 82.4559 82.4559 82.4559 82.4559 82.4559 82.4559 

0.095049 0.0573073 0.341475 0.203408 0.302369 
0.475203 0.226633 0.0285088 0.114534 0.154598 
0.242775 0.401509 0.149076 0.012963 0.193225 
0.104191 0.153919 0.340941 0.0104885 0.389988 
0.254646 0.174183 0.17325 0.232313 0.165327 
0.117455 0.409882 0.153183 0.0624306 0.256611 
0.255008 0.205751 0.113035 0.221302 0.204637 
0.34059 0.247527 0.247651 0.0777497 0.0861314 
0.26026 0.14686 0.0612273 0.215805 0.315518 
0.0890207 0.467732 0.138875 0.0839939 0.219738 
0.168848 0.263132 0.108606 0.0460357 0.412777 
0.33573 0.242412 0.0745613 0.223811 0.122973 

167.363 77.049 91.0704 149.315 163.173 

3 3 3 3 3 

23.0372 67.9936 39.3159 30.0792 44.1908 

0 1 2 
3 
4 5 6 
7 8 9 10 
11 

0 1 2 
3 
4 5 6 
7 8 9 10 
11 

