12
12
5
5
11.9609 10.3347 7.07335 9.18812 8.03125 9.01895 11.3183 8.6119 10.118 6.2161 7.8896 7.96453 

1.75905 1.80389 2.23508 3.50505 2.2832 2.94704 3.45236 2.63497 3.55722 2.28665 2.06291 2.83299 

16.2058 6.05519 15.5267 7.96671 7.02858 25.7521 15.7424 16.2886 24.2441 27.7387 15.6873 14.9839 

1 1 1 1 1 1 1 1 1 1 1 1 

21.9219 28.7557 37.1245 39.6353 34.0866 24.8726 20.3064 40.3564 26.7899 44.9961 38.2272 46.6742 

44.5127 79.3959 45.6059 45.1638 57.6061 72.2739 64.7442 52.6645 54.2184 56.5161 93.3692 46.9953 

0.617351 0.892395 0.468257 0.973011 0.802858 0.739191 0.665795 0.963788 0.757083 0.917456 0.536067 0.531379 

425.855 473.355 439.693 445.505 461.78 403.946 439.639 463.637 422.627 446.48 425.41 400.086 

104.326 104.326 104.326 104.326 104.326 104.326 104.326 104.326 104.326 104.326 104.326 104.326 

0.321619 0.22146 0.0945431 0.181167 0.180864 
0.199759 0.0168049 0.264211 0.326957 0.191921 
0.153856 0.298695 0.205364 0.336462 0.00478879 
0.474144 0.16993 0.00494271 0.298342 0.0521121 
0.14837 0.165642 0.0560156 0.427908 0.201618 
0.187342 0.0978635 0.227123 0.227043 0.260352 
0.160574 0.334023 0.250636 0.0183437 0.235741 
0.00742689 0.211067 0.167039 0.338744 0.275347 
0.305903 0.246721 0.211668 0.165017 0.0703431 
0.16862 0.270857 0.168053 0.284001 0.108145 
0.235137 0.0156107 0.328452 0.172319 0.248097 
0.338399 0.068056 0.174325 0.134619 0.284197 

57.9797 146.632 119.321 132.826 114.841 

3 3 3 3 3 

64.1763 33.7412 24.1455 56.5918 65.3658 

0 
1 2 3 4 
5 6 7 
8 9 10 
11 

0 
1 2 3 4 
5 6 7 
8 9 10 
11 

