12
10
3
3
6.23752 6.85141 7.28616 6.68188 8.73475 7.14803 9.45222 7.45056 11.0542 6.04738 

2.49134 1.81204 2.95061 2.90553 2.78949 2.97589 1.78838 1.62863 2.98932 3.42729 

11.1046 20.5345 12.066 11.0177 22.908 9.32136 21.4873 28.3407 10.8195 31.108 

1 1 1 1 1 1 1 1 1 1 

22.2317 40.7634 37.3452 44.116 44.641 16.4996 38.7654 14.6356 40.4754 41.6289 

49.3659 56.7117 78.1318 23.3855 29.9656 101.256 74.0371 44.1673 50.4958 93.8545 

0.666921 0.864553 0.401414 0.640833 0.482436 0.918651 0.89455 0.432526 0.872702 0.628076 

490.967 449.147 467.458 486.515 494.026 455.456 438.018 413.116 499.919 490.126 434.485 491.656 

167.788 167.788 167.788 167.788 167.788 167.788 167.788 167.788 167.788 167.788 167.788 167.788 

0.353051 0.345886 0.300522 
0.458328 0.255427 0.28575 
0.146411 0.406636 0.446059 
0.404845 0.463179 0.131293 
0.516265 0.34523 0.137809 
0.382263 0.245149 0.370726 
0.175147 0.468819 0.3555 
0.141479 0.217581 0.640267 
0.396747 0.201393 0.400839 
0.166228 0.212008 0.619653 
0.889062 0.0180909 0.091238 
0.362019 0.614948 0.0223258 

68.1096 110.876 63.7878 

3 3 3 

55.9771 43.3692 42.0077 

0 1 2 3 4 
5 
6 7 8 9 

0 1 2 3 4 
5 
6 7 8 9 

