12
14
6
6
7.51666 6.98393 9.8512 8.46997 10.8155 6.16598 10.1941 8.34924 6.71719 10.7939 7.60157 11.1813 9.68624 11.0785 

2.8998 1.97568 2.84235 3.17284 2.73513 2.12684 3.04605 3.26819 2.84017 3.29674 2.05829 2.01054 2.96855 1.7794 

19.9773 26.3931 24.6638 22.9724 10.0661 8.27111 31.3516 19.5654 7.17754 19.9351 28.1298 19.945 12.2227 12.1197 

1 1 1 1 1 1 1 1 1 1 1 1 1 1 

29.2813 14.2311 31.3783 44.9519 21.9879 27.959 31.1195 47.5477 29.529 45.4766 42.3319 39.6974 21.3183 35.4693 

81.2863 35.676 91.047 35.8596 95.9848 29.3118 75.4479 70.7969 69.3616 70.0916 25.0768 109.5 109.829 66.3081 

0.811485 0.995093 0.7869 0.422875 0.694574 0.409637 0.514719 0.67964 0.857405 0.561316 0.814857 0.783802 0.737115 0.638725 

472.981 420.458 427.45 412.433 482.706 448.81 404.188 432.171 481.424 483.685 438.922 419.579 

90.1102 90.1102 90.1102 90.1102 90.1102 90.1102 90.1102 90.1102 90.1102 90.1102 90.1102 90.1102 

0.241636 0.202261 0.0952276 0.13099 0.283229 0.0462976 
0.133637 0.193945 0.000459884 0.230474 0.193085 0.247958 
0.0571188 0.0013176 0.211471 0.263236 0.173849 0.292701 
0.148707 0.0714429 0.198861 0.214605 0.167079 0.199088 
0.216391 0.0525412 0.00254528 0.313003 0.0547698 0.360232 
0.193482 0.147224 0.167704 0.117665 0.226291 0.147393 
0.0316166 0.194569 0.214953 0.125273 0.217309 0.216055 
0.0190355 0.286439 0.174027 0.303724 0.149349 0.0670713 
0.107704 0.269949 0.126901 0.152226 0.228624 0.114281 
0.104808 0.0548438 0.105728 0.123423 0.334946 0.275905 
0.0646712 0.107437 0.433196 0.245037 0.0314631 0.117667 
0.412389 0.0149384 0.354516 0.093428 0.0874994 0.0367714 

87.1476 139.476 145.445 167.007 171.862 72.9114 

3 3 3 3 3 3 

57.6635 27.4344 34.4126 46.4885 29.0436 47.8434 

0 
1 2 3 
4 5 
6 7 8 9 10 
11 12 
13 

0 
1 2 3 
4 5 
6 7 8 9 10 
11 12 
13 

