12
10
3
3
6.47146 9.23182 8.11308 10.2295 6.75106 9.93152 9.05769 10.3339 11.2368 8.92475 

3.44806 2.35764 3.57235 2.0305 2.75955 1.91186 1.72136 2.25766 3.35955 2.40992 

25.0589 12.991 29.1062 11.3776 21.5766 7.59016 7.49937 17.4888 17.6268 28.9301 

1 1 1 1 1 1 1 1 1 1 

36.3747 27.5434 37.8562 39.2595 46.8592 26.7127 39.0276 31.9251 19.1422 45.5512 

56.3511 41.8929 81.7347 40.1002 46.6877 68.3011 66.8687 48.1399 51.5086 27.226 

0.811846 0.677925 0.670166 0.914707 0.934671 0.511269 0.47508 0.573852 0.606835 0.75686 

411.469 410.499 451.723 448.504 466.086 439.948 403.922 471.46 438.634 430.352 488.256 423.248 

121.147 121.147 121.147 121.147 121.147 121.147 121.147 121.147 121.147 121.147 121.147 121.147 

0.391477 0.512533 0.0953885 
0.345361 0.630692 0.0229542 
0.499617 0.457546 0.0421575 
0.335262 0.334379 0.32955 
0.254136 0.556103 0.189082 
0.0164817 0.374715 0.607917 
0.787668 0.091034 0.120399 
0.140882 0.530525 0.324246 
0.290692 0.348329 0.360455 
0.271932 0.527188 0.200347 
0.536107 0.0171335 0.445722 
0.236263 0.272758 0.490091 

123.243 125.654 129.916 

3 3 3 

21.3837 24.893 17.6864 

0 
1 
2 3 4 5 6 7 8 9 

0 
1 
2 3 4 5 6 7 8 9 

