12
14
9
9
6.10285 10.5595 6.83951 7.52632 8.21778 6.8685 7.09688 9.94037 11.3969 11.8493 8.53672 7.07258 6.38835 10.0939 

1.71983 1.83692 1.75177 1.94888 1.86866 2.73094 2.58522 2.90284 3.53379 3.40138 3.29504 2.08728 2.16251 1.87881 

28.4752 31.5193 19.3581 31.0217 8.7957 24.4356 17.4423 18.7291 27.3996 30.91 27.7461 12.2523 21.2923 26.8586 

1 1 1 1 1 1 1 1 1 1 1 1 1 1 

17.5686 36.4018 29.2061 34.0999 40.1848 18.9179 15.2416 46.6708 47.767 14.0605 25.0794 14.1008 37.421 16.1798 

78.2511 73.6155 70.585 49.6001 24.8003 31.8563 64.7 89.4513 58.3241 103.891 68.6426 31.0599 90.8921 40.3674 

0.952235 0.645166 0.42932 0.569797 0.759297 0.991971 0.822177 0.9166 0.521421 0.648461 0.856885 0.682399 0.517509 0.928216 

405.172 424.038 405.874 493.924 441.05 437.771 433.801 425.475 416.474 439.026 431.683 498.685 

75.5396 75.5396 75.5396 75.5396 75.5396 75.5396 75.5396 75.5396 75.5396 75.5396 75.5396 75.5396 

0.184606 0.0735732 0.0446266 0.138609 0.0709767 0.0790991 0.185592 0.116646 0.106077 
0.134285 0.188236 0.0327659 0.0914638 0.124979 0.0469619 0.133122 0.100572 0.147409 
0.070923 0.162516 0.0873962 0.0452053 0.112882 0.151852 0.143117 0.0756079 0.150288 
0.0429774 0.034965 0.0432816 0.0649839 0.144886 0.145554 0.181413 0.103496 0.238187 
0.0120258 0.174776 0.217862 0.197403 0.0716108 0.175776 0.0742658 0.0196351 0.0564232 
0.0371221 0.0427207 0.126354 0.169736 0.0934335 0.245193 0.183881 0.0715938 0.0297147 
0.161986 0.222203 0.0843012 0.0186094 0.160493 0.00528487 0.0123634 0.236546 0.0979709 
0.0356873 0.0565073 0.354615 0.00961765 0.0138782 0.0157655 0.099628 0.25618 0.157762 
0.178018 0.102513 0.2586 0.0698883 0.0266592 0.0501665 0.0618226 0.213399 0.0386636 
0.0551547 0.00926908 0.0599289 0.237657 0.00369455 0.122463 0.303321 0.00562142 0.202546 
0.0430653 0.178579 0.185806 0.167403 0.098608 0.0440722 0.105252 0.0271196 0.149901 
0.107841 0.0812135 0.11318 0.191661 0.157175 0.0162926 0.0979795 0.0728308 0.161629 

54.998 122.573 91.6632 123.376 137.46 86.418 129.53 125.19 112.283 

3 3 3 3 3 3 3 3 3 

19.1277 42.9869 69.7971 52.0728 39.8705 28.6027 29.6598 29.6355 29.76 

0 
1 
2 
3 4 5 
6 
7 
8 
9 
10 11 12 13 

0 
1 
2 
3 4 5 
6 
7 
8 
9 
10 11 12 13 

