12
16
8
8
9.69726 10.4036 11.2316 10.383 10.0933 9.3474 10.1352 9.43855 10.3942 6.65022 7.96077 7.75308 9.08578 10.3695 9.15522 7.12714 

3.47696 2.65973 1.86095 3.50037 2.76667 2.10134 2.64925 1.63464 2.99213 2.14538 1.75475 2.14272 1.76017 2.98215 2.6444 2.81364 

19.3794 31.7804 29.5789 10.8681 32.0072 16.6559 20.6422 7.91368 21.4058 10.5061 17.6672 8.83243 21.4836 30.4397 24.9452 9.76159 

1 1 1 1 1 1 1 1 1 1 1 1 1 1 1 1 

29.4651 25.113 21.7391 22.7201 37.7873 40.1759 33.3209 39.8284 38.5641 42.2342 37.7497 28.1773 45.8721 30.669 41.0595 28.3368 

32.829 68.0484 26.5392 87.5775 24.953 71.3881 77.0044 35.54 97.5485 92.6899 46.5503 94.0954 62.3613 61.7431 102.693 78.4137 

0.425749 0.493054 0.440966 0.445924 0.564486 0.778891 0.899753 0.826566 0.921434 0.713648 0.519324 0.697918 0.712234 0.448157 0.699718 0.856599 

471.91 482.929 417.591 443.126 498.527 498.569 427.245 469.946 403.513 452.142 426.908 410.844 

107.394 107.394 107.394 107.394 107.394 107.394 107.394 107.394 107.394 107.394 107.394 107.394 

0.038731 0.143138 0.174991 0.152127 0.153195 0.115775 0.0848108 0.137014 
0.085829 0.0838427 0.147818 0.133729 0.238569 0.184149 0.0338388 0.0919689 
0.166404 0.163381 0.01995 0.192701 0.129397 0.0422888 0.242204 0.0433854 
0.0769955 0.134187 0.0485027 0.162943 0.108898 0.119892 0.182054 0.16629 
0.0365737 0.19069 0.0742197 0.210207 0.0820679 0.206327 0.112595 0.0870877 
0.196902 0.156548 0.197887 0.19308 0.0527878 0.144336 0.0174358 0.0408149 
0.0498335 0.201632 0.146057 0.261805 0.0403842 0.140012 0.0567122 0.103298 
0.183775 0.160359 0.00265522 0.186027 0.120698 0.045113 0.185263 0.115905 
0.214172 0.0546565 0.0344973 0.176224 0.055944 0.216882 0.135128 0.112278 
0.0763111 0.142163 0.132525 0.271642 0.0500857 0.0867967 0.224251 0.0158924 
0.0662309 0.293298 0.119129 0.31834 0.0204437 0.0246747 0.138613 0.0189391 
0.0417001 0.220082 0.234735 0.129252 0.0195008 0.0922249 0.226707 0.0355171 

50.8041 162.365 94.8678 65.8878 57.6854 75.6042 115.463 62.0748 

3 3 3 3 3 3 3 3 

61.6872 35.0454 33.795 69.0245 62.9799 12.4882 69.7331 65.1908 

0 
1 2 3 4 5 6 
7 8 
9 10 
11 
12 
13 14 
15 

0 
1 2 3 4 5 6 
7 8 
9 10 
11 
12 
13 14 
15 

