12
16
9
9
7.09716 9.50068 7.1784 6.43492 9.86957 6.98881 6.37997 6.52748 6.12813 10.7675 7.79578 9.55587 7.54859 9.74836 10.1759 7.04241 

2.89441 2.56687 2.40318 1.98458 2.98266 2.57581 2.99557 2.43768 2.70366 1.94024 1.90968 3.38933 1.84575 2.90186 3.17977 2.62838 

10.7527 12.1619 28.6485 24.0351 18.538 19.4742 18.5721 27.6142 7.37741 26.1071 17.5661 22.6151 26.9845 28.7708 11.3624 20.9304 

1 1 1 1 1 1 1 1 1 1 1 1 1 1 1 1 

25.6248 20.5999 30.202 27.5849 31.8394 42.6587 25.8412 28.0465 21.7754 42.2497 15.5259 21.4845 28.4906 22.4337 46.7582 21.3396 

95.6621 53.6426 79.7511 109.801 82.1197 80.4023 100.867 51.3772 49.334 75.1325 37.7078 84.2984 62.2779 69.8507 46.9184 78.1715 

0.523867 0.490813 0.651644 0.706782 0.5527 0.90393 0.841417 0.446146 0.795842 0.807173 0.445568 0.442421 0.93358 0.611067 0.930898 0.786684 

475.912 479.646 447.467 443.864 425.888 406.899 452.039 419.863 406.637 411.836 457.451 484.16 

76.1263 76.1263 76.1263 76.1263 76.1263 76.1263 76.1263 76.1263 76.1263 76.1263 76.1263 76.1263 

0.17304 0.0336627 0.159497 0.153289 0.0736517 0.0925414 0.091009 0.0491245 0.174005 
0.129346 0.197018 0.133608 0.0411214 0.0748566 0.178376 0.170324 0.00265998 0.0724865 
0.131149 0.0832682 0.0478666 0.221029 0.229831 0.0813072 0.083009 0.0178903 0.104364 
0.149949 0.208455 0.0997542 0.100013 0.0555522 0.143257 0.146646 0.0239861 0.072152 
0.187358 0.095065 0.155582 0.198989 0.0673249 0.197346 0.0815938 0.014735 0.00180215 
0.211029 0.0031035 0.0748904 0.0519707 0.0319745 0.216285 0.10339 0.135306 0.171789 
0.153553 0.135614 0.12966 0.10045 0.0568693 0.144812 0.093877 0.0981174 0.0868507 
0.103394 0.0989948 0.075088 0.128176 0.106793 0.18905 0.0131204 0.107439 0.177736 
0.0447455 0.0219051 0.157855 0.187287 0.0997047 0.0171819 0.106339 0.133159 0.231568 
0.121614 0.117811 0.0119069 0.17188 0.152276 0.0390266 0.0926002 0.139112 0.153591 
0.185134 0.20815 0.031987 0.206554 0.130638 0.0367123 0.11321 0.031143 0.0562365 
0.15009 0.157646 0.113119 0.0950718 0.117766 0.0731753 0.103388 0.0888009 0.10078 

149.509 92.559 125.338 119.035 150.14 115.615 153.829 74.0268 79.068 

3 3 3 3 3 3 3 3 3 

16.3922 28.4097 16.0512 35.1515 70.3337 15.2961 61.5967 18.6806 46.9187 

0 
1 2 
3 4 
5 
6 7 
8 9 10 
11 
12 
13 14 15 

0 
1 2 
3 4 
5 
6 7 
8 9 10 
11 
12 
13 14 15 

