12
16
5
5
10.3551 11.4538 9.51454 6.58748 7.68338 9.97062 6.74925 10.5956 10.5565 6.23846 8.54031 9.50298 9.29924 9.99838 9.84923 7.9151 

1.90017 2.53147 3.00618 3.56747 2.98189 2.3457 2.43651 2.1968 3.44532 1.96428 2.67227 3.53317 2.95638 2.7914 3.48351 3.57881 

9.8357 23.4767 20.7784 31.2277 12.355 6.15237 20.267 19.8025 31.2395 9.87193 30.8853 30.9552 14.1282 8.89555 29.9932 27.7463 

1 1 1 1 1 1 1 1 1 1 1 1 1 1 1 1 

46.8385 37.8914 16.842 17.0517 39.5866 37.2308 29.5742 28.4676 17.8594 34.4543 24.687 14.999 25.6019 34.3484 21.5697 34.8883 

28.0168 49.8229 26.2606 33.9168 39.653 59.4064 90.942 28.4914 80.8532 22.9489 47.4752 77.3812 64.8724 31.7225 53.3524 70.2636 

0.97319 0.64961 0.545067 0.727391 0.826511 0.91508 0.605683 0.809165 0.505822 0.997432 0.666259 0.833289 0.669421 0.999477 0.426479 0.489231 

422.406 416.905 480.399 470.626 498.518 486.502 495.979 475.288 434.614 455.856 486.229 443.083 

160.332 160.332 160.332 160.332 160.332 160.332 160.332 160.332 160.332 160.332 160.332 160.332 

0.232988 0.158795 0.262508 0.0792647 0.266165 
0.152105 0.244225 0.246599 0.124637 0.232134 
0.194291 0.185857 0.099977 0.260007 0.259426 
0.338036 0.333996 0.0211305 0.268269 0.0379984 
0.0856164 0.304124 0.24354 0.0276066 0.338708 
0.121049 0.259095 0.237908 0.126589 0.255075 
0.229071 0.106427 0.265398 0.234861 0.163896 
0.199706 0.211884 0.260387 0.126341 0.20126 
0.0435034 0.369391 0.375259 0.105345 0.106018 
0.55383 0.0141198 0.11978 0.257712 0.0539634 
0.326656 0.215811 0.312893 0.0981231 0.0461415 
0.0567718 0.784192 0.0405279 0.0970737 0.0205048 

137.893 69.0342 78.183 67.1676 100.884 

3 3 3 3 3 

71.8003 62.3823 25.5494 19.1888 41.0054 

0 1 2 
3 4 5 
6 7 8 9 10 
11 12 13 
14 15 

0 1 2 
3 4 5 
6 7 8 9 10 
11 12 13 
14 15 

