12
14
2
2
6.47153 10.2152 7.24132 7.72102 9.92669 11.3811 10.3709 10.0713 11.248 11.6561 10.5592 10.5564 8.72377 9.03707 

2.36751 3.02128 2.48346 2.01624 2.79266 2.13306 2.30595 1.85743 3.22814 2.89412 2.90188 2.47294 2.05451 2.91099 

24.676 21.9709 12.606 14.565 17.9875 19.8514 11.9606 16.281 6.38473 14.0294 27.817 13.3893 25.4498 30.4609 

1 1 1 1 1 1 1 1 1 1 1 1 1 1 

24.2742 31.2481 28.6988 41.2089 23.1227 18.5127 30.9057 27.4599 13.8094 45.7362 17.9508 38.2465 44.6962 15.9337 

81.6732 98.7361 35.3794 46.1859 38.7931 47.5905 63.6625 46.8546 81.6627 58.103 77.6853 78.4907 97.673 53.2747 

0.839281 0.857245 0.546789 0.933343 0.796944 0.461649 0.882572 0.615998 0.47343 0.655097 0.428223 0.527608 0.610813 0.461363 

400.265 492.394 484.373 475.193 475.878 464.342 485.504 470.144 417.834 461.64 454.288 498.835 

231.79 231.79 231.79 231.79 231.79 231.79 231.79 231.79 231.79 231.79 231.79 231.79 

0.396932 0.598244 
0.734195 0.264508 
0.744439 0.254706 
0.817117 0.18113 
0.333884 0.665306 
0.378753 0.620392 
0.432272 0.566382 
0.460682 0.538376 
0.26065 0.738204 
0.942988 0.0550799 
0.278622 0.720647 
0.591145 0.407538 

64.7928 123.227 

3 3 

13.9969 64.357 

0 1 2 3 4 5 6 7 
8 9 10 11 12 13 

0 1 2 3 4 5 6 7 
8 9 10 11 12 13 

