12
10
4
4
10.8774 10.0009 7.39373 7.33449 11.6503 6.70614 11.5925 11.0448 6.39162 6.72158 

3.15373 1.94555 2.46512 1.69504 2.81019 2.92728 3.4831 3.34802 1.9438 3.47671 

19.8723 14.8166 18.1028 7.80481 15.4673 32.301 21.4108 16.0463 9.35147 9.92314 

1 1 1 1 1 1 1 1 1 1 

20.7999 41.0373 21.3008 16.5291 17.3913 40.7386 36.7943 15.1287 17.795 28.7757 

66.2423 33.3535 86.4447 36.9239 105.18 66.2087 91.9118 62.7651 62.4547 77.775 

0.751784 0.701968 0.525721 0.447778 0.597805 0.689866 0.883386 0.887974 0.965264 0.956744 

457.326 406.632 480.402 490.496 466.331 488.819 408.279 473.728 483.226 487.793 450.997 429.902 

150.923 150.923 150.923 150.923 150.923 150.923 150.923 150.923 150.923 150.923 150.923 150.923 

0.372429 0.175445 0.217814 0.233598 
0.460929 0.413252 0.103569 0.0217805 
0.203792 0.467606 0.0491249 0.278972 
0.212688 0.333637 0.0015782 0.451314 
0.10104 0.335143 0.347606 0.215691 
0.0653715 0.287611 0.484692 0.161338 
0.400795 0.18173 0.0151348 0.401828 
0.257255 0.541614 0.136109 0.06444 
0.38571 0.513719 0.00566826 0.0943306 
0.155058 0.281824 0.395022 0.167669 
0.325217 0.322653 0.286032 0.0657586 
0.200295 0.318169 0.277674 0.203535 

93.1512 53.9002 64.644 105.934 

3 3 3 3 

48.1433 41.266 59.2335 33.5707 

0 
1 2 3 4 5 
6 7 8 
9 

0 
1 2 3 4 5 
6 7 8 
9 

