12
14
6
6
9.52271 9.09851 6.52368 11.9704 9.60004 8.30063 6.91935 9.55808 7.1061 11.314 9.3778 9.21471 10.7764 11.629 

1.77989 1.74118 2.23719 3.16831 2.45583 3.24056 2.01273 2.22047 2.58913 2.01145 2.01637 2.26925 3.49263 3.29171 

30.9754 30.4154 29.7941 18.7768 6.93904 26.8653 21.1455 13.2483 10.486 7.36028 16.5411 28.2421 14.3704 22.2043 

1 1 1 1 1 1 1 1 1 1 1 1 1 1 

18.9167 30.1214 15.5947 35.6685 43.1198 42.2125 39.4848 41.8543 41.4136 15.1802 14.3829 16.9142 14.2001 20.724 

60.0714 23.4182 70.157 67.1306 49.8744 95.5301 93.275 88.688 28.2208 53.7025 42.2355 48.8811 86.5883 44.2253 

0.566368 0.426567 0.541098 0.689126 0.937273 0.583045 0.895759 0.675397 0.649226 0.780695 0.43604 0.865835 0.876599 0.503261 

445.648 484.056 418.266 449.332 492.355 409.119 467.845 443.757 445.09 421.53 476.847 473.064 

108.861 108.861 108.861 108.861 108.861 108.861 108.861 108.861 108.861 108.861 108.861 108.861 

0.0416479 0.248354 0.417981 0.0731519 0.0438347 0.174506 
0.140353 0.0537605 0.213889 0.144343 0.30357 0.143743 
0.106905 0.290519 0.25011 0.143 0.0512057 0.157806 
0.365764 0.14645 0.163838 0.107638 0.215589 0.00028296 
0.0540086 0.0360366 0.337756 0.133812 0.252906 0.185142 
0.202583 0.125785 0.113281 0.166835 0.197637 0.193663 
0.00791507 0.39461 0.0116806 0.11225 0.464226 0.00866211 
0.0108419 0.235635 0.241649 0.430356 0.0504764 0.0305965 
0.110004 0.0741747 0.134362 0.116928 0.419378 0.14458 
0.131699 0.311721 0.27231 0.143315 0.0867232 0.0537545 
0.0183416 0.211839 0.00112512 0.203589 0.33675 0.22739 
0.15265 0.250197 0.163271 0.225606 0.158385 0.0496268 

99.165 73.6038 129.743 70.7598 143.548 83.6424 

3 3 3 3 3 3 

65.658 33.7261 59.783 25.4637 35.5259 32.4691 

0 
1 2 3 
4 5 6 7 8 
9 
10 11 
12 13 

0 
1 2 3 
4 5 6 7 8 
9 
10 11 
12 13 

