12
14
3
3
9.80952 9.86555 8.63236 9.53107 11.6308 8.70332 10.2397 9.28571 10.0452 10.7113 8.69568 10.0085 10.2614 7.16941 

3.32243 3.51097 2.23494 2.34983 1.79797 2.30376 2.72412 3.15876 3.14088 2.62496 2.5656 1.91261 2.85506 2.24477 

29.6166 11.9736 14.063 11.0391 12.6058 6.12273 24.7582 15.7889 14.1241 22.6472 13.9253 17.0768 10.6091 29.9041 

1 1 1 1 1 1 1 1 1 1 1 1 1 1 

33.4369 29.6674 47.4989 36.6744 17.0384 23.1762 43.686 43.0967 22.8804 44.6356 36.2181 38.8177 15.8816 20.9685 

109.624 103.199 49.7825 29.2593 65.8184 56.5501 37.6114 72.8308 60.417 100.132 100.262 104.732 82.2118 81.8004 

0.546909 0.630697 0.677298 0.522651 0.475365 0.553987 0.753103 0.712133 0.7047 0.863356 0.871307 0.59188 0.815085 0.822859 

416.052 492.384 403.379 407.869 491.923 495.83 457.264 478.276 448.972 429.532 422.19 490.021 

157.659 157.659 157.659 157.659 157.659 157.659 157.659 157.659 157.659 157.659 157.659 157.659 

0.364698 0.303047 0.331884 
0.077107 0.584445 0.337556 
0.0598159 0.0877904 0.851466 
0.204845 0.281891 0.512286 
0.248847 0.404205 0.34645 
0.186304 0.227404 0.585616 
0.574326 0.283012 0.142085 
0.372068 0.18604 0.441285 
0.698215 0.283303 0.0169626 
0.344152 0.182803 0.471922 
0.248019 0.240277 0.511191 
0.0509479 0.373272 0.575186 

140.035 121.031 105.135 

3 3 3 

63.8044 63.3165 69.2041 

0 1 2 3 
4 5 6 7 8 9 10 
11 12 13 

0 1 2 3 
4 5 6 7 8 9 10 
11 12 13 

