12
16
9
9
10.995 6.98925 8.54369 10.8823 11.268 7.85071 6.71306 7.53293 11.8649 11.9653 9.96775 6.72249 9.16831 9.38718 9.15821 7.73705 

1.70033 2.88899 2.63705 2.24705 1.81002 2.66539 1.64226 3.17885 2.34894 2.53891 2.42743 1.89477 2.719 3.45037 3.55778 3.06568 

7.37582 16.4998 16.3701 22.2202 18.6858 15.0246 11.4255 27.6371 14.6206 6.31245 10.1176 12.8543 31.5411 29.8776 27.4981 10.4346 

1 1 1 1 1 1 1 1 1 1 1 1 1 1 1 1 

46.4013 25.9926 42.8191 27.582 47.7478 44.4098 45.4826 34.9106 15.1141 16.1862 25.6221 14.4794 14.5186 33.1349 24.3979 44.1157 

100.166 54.2036 101.71 94.9363 80.5961 75.0279 104.047 98.842 62.8824 78.514 51.4618 35.9384 30.8192 32.3573 34.9357 57.582 

0.51006 0.555086 0.83587 0.431736 0.480984 0.776995 0.505012 0.936369 0.476567 0.524921 0.596679 0.539776 0.948011 0.89375 0.683924 0.584035 

496.044 456.792 451.867 410.168 461.307 499.348 472.698 423.614 458.234 496.078 443.024 487.978 

106.44 106.44 106.44 106.44 106.44 106.44 106.44 106.44 106.44 106.44 106.44 106.44 

0.131739 0.131806 0.0495916 0.120103 0.133851 0.125407 0.110056 0.121019 0.0762942 
0.0238885 0.186078 0.134169 0.0603427 0.0361992 0.10952 0.147353 0.102764 0.199469 
0.313568 0.167175 0.00310611 0.191583 0.0227939 0.119245 0.0113004 0.15221 0.0187053 
0.18545 0.205606 0.0755966 0.093679 0.233923 0.0258256 0.00110224 0.0041536 0.174422 
0.171068 0.173516 0.0449923 0.0760105 0.171473 0.124 0.010389 0.0820167 0.146358 
0.121221 0.149548 0.174802 0.134448 0.065435 0.0155108 0.164921 0.0715465 0.102331 
0.0129138 0.155129 0.197505 0.0154667 0.203746 0.193008 0.0093836 0.0229122 0.18968 
0.179292 0.136766 0.162056 0.02345 0.0580002 0.124902 0.0810501 0.133584 0.10068 
0.166279 0.180074 0.0756736 0.0771746 0.138609 0.0271776 0.0601554 0.114231 0.160364 
0.000191287 0.217629 0.0138916 0.205374 0.0858587 0.180648 0.056783 0.174376 0.0649557 
0.170316 0.0410543 0.0140595 0.18812 0.143892 0.121697 0.0580557 0.160054 0.10255 
0.0476359 0.135284 0.0203571 0.169549 0.115422 0.0602402 0.167908 0.122838 0.160503 

85.9668 64.695 163.663 51.823 111.697 60.8274 124.052 148.393 55.2151 

3 3 3 3 3 3 3 3 3 

65.3241 50.527 49.2737 25.9182 41.7504 47.0494 12.5095 18.81 53.0803 

0 
1 2 
3 
4 
5 
6 7 8 9 
10 11 12 
13 
14 15 

0 
1 2 
3 
4 
5 
6 7 8 9 
10 11 12 
13 
14 15 

