12
16
7
7
6.23574 10.3731 8.02877 9.05351 6.31981 10.825 7.79396 7.45644 6.55436 8.17404 8.61586 11.4844 9.3717 6.81592 7.67421 6.41439 

2.87034 3.49229 3.2506 1.8292 3.1491 3.0405 2.44777 3.44629 2.11133 2.05303 3.05267 3.37512 2.07335 2.21323 1.98173 3.19758 

24.5348 23.5538 9.29794 13.5949 19.6603 22.0137 11.1043 12.4777 21.4904 24.8265 15.3843 20.9967 13.6437 6.5203 20.2378 15.2716 

1 1 1 1 1 1 1 1 1 1 1 1 1 1 1 1 

18.5497 47.6957 15.7586 21.601 44.5575 28.0361 25.7238 25.4716 17.6881 37.7472 43.0231 20.8248 43.8539 24.6998 20.0171 17.3936 

33.4194 83.4011 103.417 59.0864 97.5771 63.9482 33.7124 50.3112 78.683 23.5579 109.206 49.3001 102.079 70.8611 38.3816 22.5976 

0.604353 0.920268 0.960877 0.443484 0.4332 0.579379 0.781275 0.842937 0.771962 0.719794 0.785316 0.789951 0.756095 0.901239 0.538439 0.743361 

423.779 476.972 481.458 439.894 402.472 439.272 468.48 496.797 487.551 459.78 488.011 489.036 

102.239 102.239 102.239 102.239 102.239 102.239 102.239 102.239 102.239 102.239 102.239 102.239 

0.0932325 0.031714 0.209851 0.254712 0.0973153 0.24685 0.0660537 
0.140938 0.391405 0.0152105 0.235851 0.0194811 0.043621 0.153082 
0.21399 0.166265 0.120062 0.0316973 0.139946 0.18896 0.138796 
0.118135 0.0959604 0.119802 0.12856 0.119304 0.201723 0.216296 
0.0959888 0.155903 0.308274 0.267679 0.0395527 0.13038 0.00187342 
0.180209 0.23476 0.131945 0.0654417 0.213803 0.127575 0.046016 
0.0578291 0.12821 0.17836 0.0833722 0.212409 0.17957 0.160024 
0.173357 0.175044 0.304303 0.121436 0.00131918 0.0153714 0.208815 
0.0186342 0.203627 0.247269 0.00178754 0.142309 0.159483 0.226586 
0.152996 0.121813 0.0772175 0.153988 0.133375 0.234278 0.126066 
0.229766 0.159251 0.192757 0.107224 0.0496848 0.133894 0.127193 
0.118707 0.0548639 0.273162 0.271055 0.018388 0.113081 0.150439 

83.8776 61.026 116.444 86.2038 69.4272 75.9108 136.706 

3 3 3 3 3 3 3 

71.6499 44.1736 67.5024 26.1036 67.341 68.9131 30.2565 

0 1 2 
3 
4 5 6 7 8 9 10 
11 
12 
13 14 
15 

0 1 2 
3 
4 5 6 7 8 9 10 
11 
12 
13 14 
15 

