12
12
4
4
9.16166 9.27838 6.7778 8.84858 10.3544 6.54274 8.04307 8.6473 11.026 9.92902 6.14246 9.39432 

3.34499 3.1365 3.06791 1.73306 1.85021 2.21314 1.63669 3.47581 2.22531 2.39586 1.87932 3.58163 

16.0966 10.1203 6.82021 25.0793 14.6902 28.4399 31.2697 31.6057 11.2212 6.47845 16.8931 29.8773 

1 1 1 1 1 1 1 1 1 1 1 1 

46.4664 20.7202 38.667 31.162 16.6021 37.7059 39.833 40.857 35.5124 13.9535 31.3907 37.8558 

106.222 56.838 87.4998 97.1584 50.6932 75.5738 55.2852 84.8497 52.9735 22.9724 77.434 100.193 

0.995819 0.853937 0.650501 0.845594 0.490298 0.992366 0.52912 0.990088 0.728761 0.509484 0.412543 0.924243 

420.058 442.845 479.645 464.914 418.854 421.358 433.103 410.276 455.994 475.043 464.958 489.084 

174.373 174.373 174.373 174.373 174.373 174.373 174.373 174.373 174.373 174.373 174.373 174.373 

0.266977 0.484178 0.243281 0.00498422 
0.228214 0.238619 0.295289 0.237488 
0.198059 0.32531 0.363505 0.112227 
0.731562 0.120924 0.0538399 0.0925728 
0.360009 0.297264 0.0761801 0.266162 
0.152063 0.351646 0.0155753 0.479905 
0.255369 0.323648 0.149392 0.271266 
0.63801 0.0299314 0.313331 0.017955 
0.13181 0.396825 0.328819 0.142015 
0.185024 0.254078 0.157524 0.402899 
0.19052 0.202673 0.242857 0.363523 
0.325123 0.0690572 0.468982 0.136342 

74.7672 137.828 59.726 63.1638 

3 3 3 3 

71.5759 20.5624 34.1796 17.5182 

0 1 2 
3 
4 5 6 
7 8 9 10 11 

0 1 2 
3 
4 5 6 
7 8 9 10 11 

