12
10
4
4
6.91667 9.98513 10.819 7.25781 9.39602 9.49569 10.3303 6.16794 10.9109 7.44032 

3.21511 1.70332 2.02147 3.29772 1.7804 1.9948 1.78197 1.99869 3.49243 1.95441 

10.589 15.3615 28.8921 30.422 6.58308 7.62287 26.4428 27.4345 11.2761 17.8074 

1 1 1 1 1 1 1 1 1 1 

17.5636 41.3259 26.1265 26.5114 41.7254 15.9698 20.1624 46.5566 30.1193 37.3363 

86.0542 98.2787 30.8169 88.8645 68.9587 67.2115 38.1739 86.225 26.232 81.2221 

0.705322 0.66971 0.642868 0.949824 0.90568 0.534315 0.564563 0.954477 0.469441 0.502067 

476.209 455.125 468.979 472.855 428.665 497.009 422.697 450.17 470.948 420.941 426.354 498.573 

109.712 109.712 109.712 109.712 109.712 109.712 109.712 109.712 109.712 109.712 109.712 109.712 

0.211086 0.406724 0.0530181 0.328742 
0.35217 0.189385 0.17819 0.279857 
0.32764 0.317825 0.215487 0.138707 
0.190306 0.120679 0.430559 0.25791 
0.433533 0.0844378 0.3215 0.160035 
0.267901 0.374763 0.238172 0.11876 
0.175597 0.40318 0.39421 0.0263116 
0.360308 0.161336 0.26719 0.21074 
0.158739 0.17842 0.221562 0.440801 
0.34278 0.253391 0.301833 0.101445 
0.0760811 0.0675855 0.385697 0.470007 
0.463392 0.210215 0.217083 0.108648 

70.824 160.286 112.042 65.5404 

3 3 3 3 

60.9338 33.8477 66.9258 51.7839 

0 
1 2 
3 4 5 6 7 8 
9 

0 
1 2 
3 4 5 6 7 8 
9 

