12
12
6
6
9.53988 10.2919 9.11614 9.98806 8.70231 6.49634 9.52615 8.25602 8.48674 6.87838 6.5968 11.1381 

2.39217 2.66949 3.48998 2.11418 2.9629 1.85936 2.19203 3.41042 3.02421 3.21753 2.0024 2.68364 

14.789 26.2432 19.3845 16.5633 12.9882 21.5471 18.3202 16.1502 23.2609 6.38068 17.776 14.2586 

1 1 1 1 1 1 1 1 1 1 1 1 

40.9392 33.9401 41.8169 22.0322 32.4405 14.976 20.5237 46.6152 22.6948 29.2403 24.7478 23.1991 

98.0647 101.662 101.301 27.2514 70.4482 78.7365 32.9049 86.6382 23.9626 92.8018 105.725 89.0199 

0.569966 0.432279 0.791343 0.609119 0.617736 0.873417 0.70305 0.66844 0.531917 0.840715 0.494406 0.535454 

447.233 416.805 424.848 427.563 476.547 465.737 457.904 408.744 434.774 486.275 423.917 444.947 

82.8673 82.8673 82.8673 82.8673 82.8673 82.8673 82.8673 82.8673 82.8673 82.8673 82.8673 82.8673 

0.198706 0.224319 0.274511 0.266044 0.023038 0.0130757 
0.0623469 0.2405 0.113031 0.187711 0.221367 0.174651 
0.287623 0.2178 0.103581 0.181501 0.136947 0.0722462 
0.160619 0.153826 0.174647 0.215814 0.0200342 0.274714 
0.194511 0.00555231 0.29665 0.175365 0.292443 0.03508 
0.0357454 0.291771 0.264474 0.180621 0.117796 0.10928 
0.315913 0.17953 0.200241 0.0494677 0.1868 0.0675283 
0.0653624 0.316133 0.140997 0.113878 0.287695 0.0755098 
0.0190536 0.358492 0.250883 0.253547 0.104937 0.0127007 
0.309787 0.31819 0.000613424 0.0264853 0.232735 0.111854 
0.225489 0.186817 0.147277 0.241168 0.163511 0.0354208 
0.31796 0.144572 0.0656861 0.283277 0.121508 0.0665343 

142.946 107.63 140.458 66.4818 120.017 161.488 

3 3 3 3 3 3 

35.5118 58.2596 43.2678 35.1037 15.0319 17.7454 

0 
1 
2 
3 4 
5 6 7 8 9 
10 11 

0 
1 
2 
3 4 
5 6 7 8 9 
10 11 

