12
16
9
9
11.8281 8.64777 7.62153 7.1283 6.56151 6.75487 6.15154 8.04545 8.15523 11.2918 9.10916 8.56479 11.1977 6.99633 10.0451 9.02586 

2.18659 2.79002 1.70771 2.38112 2.13009 2.47313 2.65532 3.21536 2.35891 2.71963 2.56814 1.73842 1.98489 1.8076 2.10516 2.3059 

27.1664 17.7905 27.8676 10.9296 15.5474 18.5842 21.1654 22.655 18.024 13.6873 32.3692 18.382 19.8098 13.4051 32.3146 14.8509 

1 1 1 1 1 1 1 1 1 1 1 1 1 1 1 1 

36.3829 18.2223 28.0649 25.865 35.7331 43.8515 43.4188 34.5925 44.9308 31.9676 28.6571 19.3872 35.6145 17.0261 43.6348 42.5204 

55.424 61.1867 52.1087 92.5253 68.9451 107.498 105.655 30.739 61.4733 109.172 76.7312 65.0974 75.546 39.1356 60.5714 28.8217 

0.501495 0.696838 0.625541 0.677973 0.993972 0.819607 0.772571 0.410688 0.449885 0.945774 0.663002 0.842192 0.887567 0.552247 0.930362 0.514151 

426.469 453.774 456.141 452.668 417.917 454.374 413.861 496.846 428.42 423.671 442.229 474.266 

97.9964 97.9964 97.9964 97.9964 97.9964 97.9964 97.9964 97.9964 97.9964 97.9964 97.9964 97.9964 

0.115077 0.215211 0.0762061 0.0703941 0.100713 0.115802 0.0951448 0.167598 0.0436165 
0.168794 0.00823891 0.178834 0.0385416 0.139067 0.14744 0.0526983 0.176346 0.0898438 
0.0439338 0.155121 0.0130213 0.0800753 0.00736489 0.248313 0.115112 0.238063 0.0986547 
0.0505912 0.0473173 0.108769 0.197999 0.0246464 0.188639 0.150194 0.166101 0.0654047 
0.169256 0.0960269 0.0655768 0.150983 0.133394 0.141985 0.0688144 0.116271 0.0574728 
0.0784542 0.111769 0.0534925 0.159243 0.134785 0.151232 0.0682791 0.109946 0.132624 
0.117156 0.0153775 0.125683 0.110468 0.0900088 0.124607 0.127363 0.0217679 0.267245 
0.0302326 0.163071 0.108974 0.0311948 0.17883 0.155188 0.165291 0.116606 0.0503927 
0.061697 0.0778414 0.0891235 0.195536 0.160467 0.131193 0.0422249 0.210821 0.030864 
0.0101366 0.136327 0.16456 0.181798 0.117543 0.152357 0.0385654 0.169239 0.0292908 
0.115961 0.0581999 0.0745246 0.0948911 0.130778 0.154859 0.0375591 0.146114 0.186917 
0.200455 0.218145 0.105341 0.15247 0.0544167 0.179441 0.0170525 0.048733 0.0236656 

101.519 81.597 168.183 104.26 50.4943 114.014 96.0078 90.5766 110.426 

3 3 3 3 3 3 3 3 3 

70.8071 15.3378 69.1655 26.6813 66.0298 16.9863 65.9261 14.8034 68.3605 

0 
1 2 
3 
4 
5 
6 
7 8 
9 10 11 12 13 14 
15 

0 
1 2 
3 
4 
5 
6 
7 8 
9 10 11 12 13 14 
15 

