12
14
8
8
8.07618 10.0813 8.96201 9.36193 8.59411 7.51242 7.74905 10.1497 9.70255 10.9435 8.87374 10.8331 8.20082 11.6014 

2.84641 3.36672 2.87896 1.9834 2.27151 2.84005 2.7872 3.17926 2.38887 1.76087 3.59803 2.48556 2.01497 2.03786 

24.2576 10.9684 26.645 14.3557 32.0945 24.9579 13.5548 22.821 26.3825 7.9474 20.3289 20.9518 18.9573 12.7807 

1 1 1 1 1 1 1 1 1 1 1 1 1 1 

24.3538 41.3815 21.5732 37.1989 32.0119 20.5589 44.0045 34.2781 39.8996 38.8501 30.8636 38.5647 27.8691 17.3667 

39.7163 73.0403 47.8376 93.3001 54.762 79.5523 66.2432 47.1169 40.3407 99.9688 23.8902 107.582 97.1497 107.348 

0.628169 0.960355 0.528252 0.786507 0.659097 0.886955 0.683875 0.643606 0.617398 0.827708 0.883372 0.661251 0.4871 0.814 

496.871 469.367 444.167 470.195 461.16 408.121 472.154 479.348 474.55 498.707 491.057 482.104 

104.539 104.539 104.539 104.539 104.539 104.539 104.539 104.539 104.539 104.539 104.539 104.539 

0.266726 0.13194 0.0701542 0.211884 0.185704 0.0152833 0.05467 0.0633559 
0.191144 0.265887 0.237105 0.170088 0.0183123 0.0015475 0.0642306 0.0513687 
0.0877159 0.130162 0.0601564 0.181626 0.113341 0.100493 0.159888 0.166412 
0.0341687 0.20943 0.186761 0.0282822 0.184574 0.127795 0.0151507 0.213607 
0.105854 0.125882 0.220047 0.123293 0.0879817 0.0795513 0.0424028 0.214667 
0.178265 0.0361971 0.182555 0.238162 0.153778 0.00895742 0.160247 0.0415912 
0.159614 0.175707 0.145694 0.0388254 0.117856 0.106886 0.0625231 0.192688 
0.243933 0.117849 0.132492 0.180364 0.109597 0.134534 0.0134006 0.0675639 
0.0306702 0.0185397 0.348835 0.210728 0.140307 0.0124471 0.0449255 0.193172 
0.0434763 0.0103062 0.210302 0.000169949 0.234929 0.150083 0.155651 0.194807 
0.231434 0.00741845 0.193989 0.197127 0.212135 0.0435166 0.111607 0.00252499 
0.13776 0.145486 0.0261214 0.176063 0.13906 0.127615 0.118442 0.129077 

109.428 101.507 163.259 69.1428 52.9138 160.993 148.12 75.846 

3 3 3 3 3 3 3 3 

32.137 45.27 71.6344 33.8133 20.3786 53.0557 47.5984 29.1885 

0 1 2 3 
4 
5 6 7 
8 
9 
10 
11 12 
13 

0 1 2 3 
4 
5 6 7 
8 
9 
10 
11 12 
13 

