12
14
7
7
9.47837 9.59335 8.67452 9.85228 8.52404 9.78596 10.1937 11.448 6.01629 7.09825 7.67016 11.1762 7.77478 6.92645 

2.06101 3.58537 2.2937 2.45027 3.29428 2.43039 2.71592 3.48259 2.39821 1.80353 2.91679 1.9154 1.93723 3.48795 

9.2105 13.119 26.59 8.97782 13.3103 16.8753 27.9787 17.3532 22.4291 30.8784 8.45287 26.4466 15.5784 16.5887 

1 1 1 1 1 1 1 1 1 1 1 1 1 1 

36.0132 35.7895 22.0473 41.7495 15.3085 17.17 27.6039 18.296 15.0795 29.3222 18.6311 24.5141 45.8271 36.5217 

39.7348 82.2926 96.4956 39.1396 78.3518 53.3087 64.7504 36.1129 89.6868 85.535 103.123 100.96 27.1061 42.3588 

0.61684 0.964094 0.790202 0.835318 0.48732 0.866821 0.897099 0.473319 0.813894 0.895523 0.836593 0.727779 0.400968 0.856654 

488.535 434.719 493.258 488.081 420.299 408.582 499.673 408.052 445.016 441.036 415.428 450.21 

88.992 88.992 88.992 88.992 88.992 88.992 88.992 88.992 88.992 88.992 88.992 88.992 

0.20795 0.00885895 0.25811 0.117295 0.0252555 0.212409 0.169789 
0.124226 0.0937021 0.183272 0.124759 0.133179 0.234278 0.106253 
0.224111 0.168227 0.215244 0.00452641 0.0822389 0.0988319 0.206584 
0.212737 0.11763 0.11154 0.0515714 0.0391079 0.198397 0.268746 
0.0514129 0.0308416 0.256475 0.149473 0.148687 0.219477 0.143349 
0.213569 0.232055 0.0678528 0.280935 0.108657 0.0656351 0.0308316 
0.2167 0.21345 0.186877 0.104242 0.16012 0.0699611 0.0484127 
0.173156 0.055772 0.106903 0.230703 0.0905339 0.123232 0.219454 
0.162472 0.0715922 0.196318 0.0659403 0.159838 0.257384 0.0861571 
0.255206 0.232552 0.0688967 0.0809909 0.0948962 0.0388213 0.228361 
0.0805793 0.198275 0.215429 0.211337 0.164638 0.0417181 0.08778 
0.157199 0.164506 0.196792 0.0138539 0.195329 0.159415 0.112687 

120.522 156.076 62.7708 148.215 125.108 105.608 106.155 

3 3 3 3 3 3 3 

30.1901 14.8553 69.8632 68.9147 49.5732 65.8187 68.5932 

0 
1 2 3 4 5 6 
7 8 9 
10 
11 
12 
13 

0 
1 2 3 4 5 6 
7 8 9 
10 
11 
12 
13 

