12
12
3
3
7.32711 8.5293 7.03449 11.3224 8.64366 8.71486 9.9423 10.8061 7.60637 11.0488 10.3259 10.8938 

1.83084 1.60319 3.58061 3.48968 3.38731 3.16341 2.96118 1.60342 1.69142 2.5344 2.29864 2.85885 

16.3363 19.6044 14.6751 24.6842 16.4148 17.2431 28.0365 29.0193 26.945 24.1738 19.7266 9.22181 

1 1 1 1 1 1 1 1 1 1 1 1 

33.8157 23.6105 16.2589 24.5559 19.82 39.4622 33.4555 24.9799 30.7834 18.381 20.828 13.9195 

47.2072 107.257 100.736 50.954 61.9522 80.8404 97.4156 55.2313 27.7293 26.0338 93.718 90.159 

0.433829 0.544524 0.412877 0.701277 0.559834 0.611192 0.576385 0.790725 0.424796 0.708761 0.854489 0.946021 

481.895 422.35 406.039 439.698 405.392 451.982 454.078 432.24 486.105 402.296 484.403 461.323 

90.6758 90.6758 90.6758 90.6758 90.6758 90.6758 90.6758 90.6758 90.6758 90.6758 90.6758 90.6758 

0.398383 0.175822 0.425238 
0.126893 0.230864 0.641597 
0.0132687 0.350185 0.63523 
0.436269 0.396652 0.166088 
0.239216 0.646814 0.113179 
0.461859 0.327428 0.210075 
0.957189 0.033719 0.00763221 
0.57098 0.348623 0.0796855 
0.737025 0.00301556 0.25921 
0.222959 0.207344 0.569109 
0.311 0.497703 0.19071 
0.0990283 0.520756 0.379498 

157.314 140.703 143.755 

3 3 3 

30.1164 71.0171 61.5199 

0 
1 2 3 4 5 6 7 8 9 10 
11 

0 
1 2 3 4 5 6 7 8 9 10 
11 

