12
12
2
2
9.804 8.02015 7.31649 9.99579 8.51199 10.7269 7.83815 9.33333 9.14235 8.073 9.66171 6.76784 

3.07557 1.90333 2.82564 2.11021 3.2108 2.32357 2.89214 3.15932 3.07319 2.75381 3.2593 3.39977 

16.7762 6.77628 28.1746 31.1355 10.8733 24.6627 22.6932 14.4775 23.1952 10.1737 19.7479 17.1523 

1 1 1 1 1 1 1 1 1 1 1 1 

25.8883 20.9722 35.6056 19.9978 13.9636 24.6144 18.9731 29.5506 26.5479 23.0492 18.2495 34.9428 

39.9462 106.012 66.7042 82.0772 78.1632 83.1846 48.7894 85.3535 108.575 106.869 52.9773 107.763 

0.670934 0.99197 0.800879 0.638326 0.599429 0.883673 0.896535 0.731201 0.921992 0.5184 0.747261 0.680636 

471.103 424.434 436.665 473.848 421.713 497.728 418.816 469.328 414.321 493.849 450.651 488.314 

242.877 242.877 242.877 242.877 242.877 242.877 242.877 242.877 242.877 242.877 242.877 242.877 

0.887746 0.110929 
0.225319 0.772761 
0.496565 0.50292 
0.72372 0.275412 
0.39679 0.602489 
0.174288 0.824439 
0.691801 0.307194 
0.137768 0.860923 
0.342469 0.656859 
0.630974 0.368272 
0.277426 0.721453 
0.577054 0.422207 

56.4389 108.082 

3 3 

63.8607 63.3588 

0 1 2 3 4 5 6 7 8 
9 10 11 

0 1 2 3 4 5 6 7 8 
9 10 11 

