12
16
4
4
7.69686 7.80533 6.99953 7.49515 11.2216 10.2883 10.0744 8.06139 6.5195 8.36809 10.3738 11.0913 7.41696 6.71233 10.7854 10.4246 

2.82363 2.70882 2.37753 2.60548 1.82402 1.76527 2.0578 2.94656 1.80647 3.11324 1.82189 2.48859 3.54157 2.48359 1.80261 2.21225 

14.6275 10.1996 24.2865 24.6832 12.1184 17.812 19.5757 10.9992 16.256 31.4456 11.5358 12.9023 7.39655 8.37374 7.00862 29.9033 

1 1 1 1 1 1 1 1 1 1 1 1 1 1 1 1 

38.2945 23.0642 41.3191 35.0913 29.5615 14.406 35.6327 45.6654 22.813 15.4046 46.3505 28.1253 23.4728 46.0121 23.259 28.8155 

53.0246 104.32 58.33 45.1147 36.5266 47.9008 96.0723 107.775 49.8041 66.2566 37.8365 34.1311 54.1836 82.5798 48.1497 65.176 

0.957128 0.905723 0.595956 0.871126 0.954136 0.721737 0.979352 0.922886 0.585519 0.758027 0.55296 0.749379 0.68677 0.934969 0.426804 0.797054 

445.851 436.111 403.872 420.736 427.637 417.959 496.082 437.379 488.906 437.943 461.404 422.961 

203.075 203.075 203.075 203.075 203.075 203.075 203.075 203.075 203.075 203.075 203.075 203.075 

0.106207 0.450153 0.0466073 0.396425 
0.0909034 0.117578 0.329094 0.461959 
0.330428 0.339352 0.0407046 0.289079 
0.216523 0.267972 0.244475 0.270329 
0.097388 0.276255 0.114159 0.511612 
0.405453 0.381524 0.177086 0.0355284 
0.230005 0.175815 0.136169 0.457359 
0.136307 0.412082 0.165797 0.28505 
0.397653 0.508151 0.021587 0.0720329 
0.166643 0.293316 0.289327 0.250313 
0.209822 0.256467 0.253259 0.280128 
0.115008 0.554192 0.192608 0.13759 

79.4778 86.0682 137.402 99.924 

3 3 3 3 

59.3606 54.2489 69.5758 60.8884 

0 1 2 3 4 5 
6 7 8 9 10 
11 12 13 14 
15 

0 1 2 3 4 5 
6 7 8 9 10 
11 12 13 14 
15 

