12
12
4
4
10.4228 11.9213 8.94101 6.24738 8.47358 11.0343 8.3098 10.1655 7.81331 6.95449 6.45708 8.91665 

3.34747 3.19784 3.18639 2.25051 3.35449 1.75311 3.51165 2.62217 2.68567 2.16568 2.89349 3.58511 

7.53154 7.98975 31.4201 19.2806 31.7281 24.882 32.2765 21.9915 8.14752 9.36359 31.5285 18.4789 

1 1 1 1 1 1 1 1 1 1 1 1 

20.8864 43.4286 24.8275 16.141 35.6624 13.8372 35.5068 15.4969 33.7375 43.7118 14.3383 28.0794 

89.1755 103.397 81.9017 69.6213 26.0117 74.28 54.7869 59.685 29.7213 33.0309 107.814 26.085 

0.439351 0.925926 0.624203 0.89154 0.40071 0.995767 0.404821 0.740972 0.740567 0.790855 0.63209 0.998562 

458.381 448.073 458.787 414.026 407.387 435.472 406.581 439.475 483.78 466.401 435.197 403.117 

102.346 102.346 102.346 102.346 102.346 102.346 102.346 102.346 102.346 102.346 102.346 102.346 

0.542293 0.13678 0.132436 0.187671 
0.330877 0.0522697 0.255451 0.361007 
0.323497 0.0474244 0.00191819 0.626519 
0.220993 0.258097 0.247595 0.272993 
0.290536 0.284957 0.244502 0.179692 
0.174076 0.32717 0.323158 0.175215 
0.202362 0.333 0.364176 0.100019 
0.276738 0.214298 0.376743 0.131557 
0.302956 0.104065 0.343001 0.249625 
0.292962 0.0539725 0.43882 0.2138 
0.375964 0.491834 0.0319666 0.099596 
0.260446 0.276357 0.211004 0.251883 

84.6864 139.286 170.344 142.302 

3 3 3 3 

44.3692 66.9538 28.2393 30.9874 

0 1 
2 
3 4 5 6 7 8 9 
10 11 

0 1 
2 
3 4 5 6 7 8 9 
10 11 

