12
10
3
3
10.9175 10.9409 10.7167 8.3372 11.0124 9.08237 8.42854 8.55418 6.11718 10.1264 

2.49955 1.65764 1.87429 2.4821 3.08445 3.49428 2.04836 3.26901 2.43812 1.65377 

30.7893 30.6317 18.5608 26.5821 6.09208 30.8816 21.6373 18.5154 25.1787 7.5197 

1 1 1 1 1 1 1 1 1 1 

42.3751 18.1139 19.3579 16.712 35.0276 16.6069 33.7021 21.3286 44.7158 23.8719 

99.3656 34.3064 53.8035 56.2423 64.9297 45.9162 108.657 46.7641 87.3015 93.0212 

0.688854 0.595079 0.635395 0.881942 0.408474 0.849035 0.43293 0.649343 0.450641 0.782799 

403.014 415.591 498.614 410.595 422.449 445.467 480.923 434.812 419.005 462.027 445.844 405.374 

82.7214 82.7214 82.7214 82.7214 82.7214 82.7214 82.7214 82.7214 82.7214 82.7214 82.7214 82.7214 

0.243499 0.559191 0.196396 
0.175464 0.435513 0.387866 
0.357225 0.319676 0.32274 
0.383416 0.431076 0.184432 
0.418995 0.226335 0.354155 
0.1214 0.4365 0.441547 
0.421436 0.441988 0.135952 
0.383307 0.274966 0.341198 
0.145617 0.414254 0.439657 
0.147973 0.352748 0.498437 
0.0662124 0.41035 0.522831 
0.368935 0.353361 0.277198 

157.521 162.453 91.1442 

3 3 3 

65.0886 40.6734 64.1774 

0 1 
2 3 4 5 6 7 
8 9 

0 1 
2 3 4 5 6 7 
8 9 

