12
10
6
6
10.7859 10.6998 9.81972 11.3644 11.6362 7.41117 11.7035 11.1097 6.08082 9.61199 

2.61519 3.46424 1.80548 3.27833 2.22434 1.66225 1.67388 2.2008 2.9084 2.58707 

13.1508 18.0785 30.8623 9.37896 15.7893 14.2496 18.5513 23.4238 32.3279 8.21124 

1 1 1 1 1 1 1 1 1 1 

27.0135 36.2384 47.2695 24.6433 37.4711 21.2466 34.1229 38.8403 46.5388 25.4752 

55.7471 38.8286 71.2634 60.2801 49.0191 96.6866 23.5899 83.8638 72.4515 38.1578 

0.959361 0.721216 0.722217 0.424784 0.744163 0.457112 0.503445 0.570034 0.508629 0.804456 

421.589 409.771 453.231 442.17 455.471 442.661 446 475.944 479.798 433.927 492.697 407.184 

79.495 79.495 79.495 79.495 79.495 79.495 79.495 79.495 79.495 79.495 79.495 79.495 

0.116422 0.426397 0.0852546 0.207167 0.157075 0.00715773 
0.0631703 0.0500565 0.199633 0.0406535 0.350913 0.295047 
0.176693 0.192509 0.23445 0.233606 0.143654 0.0188298 
0.216151 0.152808 0.04357 0.251415 0.180751 0.155011 
0.224207 0.0364761 0.166564 0.0928981 0.350089 0.129346 
0.201763 0.232042 0.147813 0.129201 0.100584 0.188324 
0.156469 0.00520308 0.157845 0.345708 0.0359901 0.298431 
0.00136276 0.103541 0.359673 0.411869 0.0191178 0.103879 
0.125874 0.0827002 0.146505 0.267654 0.0874148 0.289532 
0.184619 0.0421122 0.0949909 0.185664 0.121483 0.370704 
0.00683934 0.233491 0.242173 0.133305 0.31658 0.0672889 
0.232472 0.126138 0.178958 0.0584249 0.156425 0.247276 

152.468 63.8994 133.695 134.895 151.053 92.1678 

3 3 3 3 3 3 

12.789 54.5407 40.6713 49.7783 26.0201 35.9268 

0 
1 
2 
3 
4 5 6 7 8 
9 

0 
1 
2 
3 
4 5 6 7 8 
9 

