12
10
6
6
9.97213 7.68347 7.42306 7.55547 11.8843 7.98049 10.117 7.33035 7.65413 10.1653 

1.74476 1.98131 2.53124 3.18419 3.49938 2.12158 2.28146 1.93572 2.75164 1.78964 

31.7924 8.72226 15.5369 17.5328 13.3134 24.843 17.4077 15.3269 13.2799 20.8347 

1 1 1 1 1 1 1 1 1 1 

21.9441 20.1787 47.047 37.9974 45.0042 24.9573 40.6268 16.4058 38.2614 24.5853 

106.737 28.2263 61.3221 101.979 34.6997 41.7972 60.0926 51.0248 60.4253 69.8727 

0.917442 0.704074 0.998512 0.983623 0.494606 0.987689 0.838607 0.579279 0.628644 0.750324 

488.213 469.178 433.511 489.023 400.359 467.732 429.115 428.416 408.47 403.357 471.317 422.621 

134.769 134.769 134.769 134.769 134.769 134.769 134.769 134.769 134.769 134.769 134.769 134.769 

0.186318 0.188218 0.125832 0.110361 0.200545 0.188444 
0.151282 0.310629 0.273941 0.059861 0.128732 0.0752342 
0.220451 0.0741281 0.244157 0.104367 0.301574 0.0549815 
0.0909793 0.165246 0.20218 0.224764 0.15603 0.160519 
0.219352 0.0960618 0.244177 0.11896 0.157675 0.163489 
0.308849 0.176866 0.230001 0.0970774 0.0466105 0.140284 
0.226663 0.0707621 0.205696 0.172258 0.152076 0.172304 
0.191339 0.3078 0.11328 0.18848 0.169359 0.0294226 
0.122662 0.123655 0.237789 0.104273 0.220623 0.190669 
0.263334 0.134295 0.331878 0.0932872 0.118012 0.0587701 
0.0941044 0.227099 0.253873 0.200226 0.0494479 0.174966 
0.0281751 0.0883406 0.25988 0.240044 0.196389 0.186831 

68.3658 69.2502 52.5156 161.504 65.7528 141.637 

3 3 3 3 3 3 

55.0335 19.3935 13.6765 29.4945 43.7508 63.9132 

0 1 2 
3 4 
5 6 
7 
8 
9 

0 1 2 
3 4 
5 6 
7 
8 
9 

