12
16
7
7
8.22563 10.8419 6.82386 6.35735 11.7133 8.63842 9.30741 7.37027 9.34676 10.6675 6.14109 9.64084 6.44243 11.1818 9.96298 7.35974 

1.90117 2.38311 1.68787 2.37198 3.30499 1.64301 2.19467 1.7386 2.7983 2.0168 2.745 1.8359 2.60918 3.37378 2.08922 3.44968 

30.7738 18.3763 23.1576 30.5553 14.7319 22.0834 25.8876 26.8879 11.3778 8.07905 16.5161 11.4433 7.47949 13.0967 26.643 28.8798 

1 1 1 1 1 1 1 1 1 1 1 1 1 1 1 1 

28.4493 32.6765 33.6415 25.2413 17.8085 29.2576 17.9667 43.5858 35.9388 38.2771 27.9892 41.9551 22.7262 34.767 40.5484 27.4604 

45.6624 60.1663 94.6436 92.6427 26.7158 66.889 96.209 84.2137 88.6861 86.0406 69.5319 64.0263 79.8322 30.1996 32.009 37.1599 

0.830457 0.93885 0.453442 0.948455 0.731624 0.788456 0.483503 0.561039 0.759511 0.89151 0.596045 0.580529 0.884884 0.907764 0.831193 0.658549 

467.213 467.602 422.39 422.881 403.755 429.085 439.222 450.866 471.793 426.653 455.849 440.44 

122.613 122.613 122.613 122.613 122.613 122.613 122.613 122.613 122.613 122.613 122.613 122.613 

0.0618575 0.297171 0.0452803 0.000756358 0.309564 0.00185035 0.283202 
0.0205632 0.145522 0.00937891 0.248835 0.269059 0.081363 0.224961 
0.127108 0.095641 0.203112 0.119805 0.097159 0.174182 0.182731 
0.163865 0.0810031 0.271461 0.115912 0.16132 0.179977 0.0261488 
0.048077 0.265773 0.151034 0.169353 0.157082 0.0530143 0.15534 
0.0928503 0.0326153 0.171094 0.199998 0.152155 0.188462 0.162618 
0.169034 0.274212 0.252101 0.00287357 0.00574806 0.0842273 0.211483 
0.266977 0.101948 0.0654702 0.183802 0.0725988 0.306555 0.00234015 
0.140724 0.0959078 0.177025 0.144134 0.145873 0.112307 0.183838 
0.262667 0.159078 0.183507 0.00842884 0.156718 0.186026 0.0432439 
0.197998 0.203651 0.00207502 0.101053 0.0332534 0.404374 0.0571791 
0.0151171 0.296651 0.113003 0.161346 0.160075 0.153353 0.100145 

52.5902 157.545 114.002 99.4026 74.7198 63.828 54.7751 

3 3 3 3 3 3 3 

15.3258 56.0289 56.6835 43.6811 46.6154 33.3662 52.8479 

0 
1 2 
3 4 5 6 
7 8 
9 
10 11 12 
13 14 15 

0 
1 2 
3 4 5 6 
7 8 
9 
10 11 12 
13 14 15 

