12
12
4
4
7.16531 6.84552 6.342 8.54207 8.15242 8.16987 11.3702 10.2204 11.3103 6.45573 7.63004 9.90427 

2.97537 2.98093 1.99782 1.78588 2.4119 2.54042 2.68613 2.49838 1.98835 2.29923 2.54197 3.0258 

7.40367 17.3022 27.9354 23.7996 6.25393 25.6669 17.2514 9.33477 20.8802 6.43359 17.2612 22.677 

1 1 1 1 1 1 1 1 1 1 1 1 

38.6268 28.43 34.0044 18.7067 40.7956 46.4925 29.04 17.9123 43.3952 15.3641 16.5852 20.3663 

56.047 64.9995 101.473 81.2171 81.2283 83.4103 75.9149 64.4211 75.5025 86.2531 40.1332 93.923 

0.796937 0.970696 0.510559 0.611669 0.425259 0.82731 0.864978 0.510735 0.762796 0.426876 0.751948 0.549961 

401.044 452.715 432.03 440.531 446.543 498.646 480.617 445.094 423.194 459.744 466.291 424.549 

115.738 115.738 115.738 115.738 115.738 115.738 115.738 115.738 115.738 115.738 115.738 115.738 

0.312624 0.364359 0.174451 0.14815 
0.379768 0.256191 0.310064 0.0535285 
0.355381 0.379539 0.0532636 0.211425 
0.562706 0.109508 0.170043 0.157043 
0.350736 0.113264 0.296189 0.239449 
0.278159 0.359548 0.0290296 0.332862 
0.0849983 0.322214 0.379038 0.213223 
0.337954 0.177008 0.2227 0.261918 
0.420462 0.40275 0.159873 0.01648 
0.279342 0.446935 0.159001 0.114133 
0.0840548 0.299691 0.191416 0.424196 
0.0317205 0.145438 0.537398 0.284754 

149.934 162.887 53.2777 140.371 

3 3 3 3 

44.3641 59.9114 58.9191 54.8726 

0 1 2 
3 4 5 
6 7 8 
9 10 11 

0 1 2 
3 4 5 
6 7 8 
9 10 11 

