12
16
6
6
11.8808 9.5937 11.5749 6.14918 9.77713 10.7001 8.6806 7.28952 11.5591 8.17506 11.9767 10.0091 11.3163 10.2224 6.58922 7.75854 

3.00242 2.75022 2.02041 2.18683 2.8515 3.08165 2.55262 2.32763 3.54999 2.88284 2.43218 2.15255 1.91597 2.72867 2.84403 2.41053 

22.737 16.4321 18.8026 26.4593 18.6958 24.7818 28.8956 14.1573 13.2869 19.951 24.8902 17.0076 9.49353 9.51863 7.30752 20.6494 

1 1 1 1 1 1 1 1 1 1 1 1 1 1 1 1 

38.5897 40.4243 46.0855 36.0136 37.8174 35.2977 47.0818 23.7908 20.0669 43.8271 25.3457 33.5348 40.4648 16.6776 45.4826 24.6178 

29.1948 100.179 65.974 103.727 40.7215 43.1992 103.132 48.8168 76.8976 67.9832 49.133 102.217 27.953 82.185 23.9712 60.7263 

0.836406 0.715078 0.432548 0.995064 0.607402 0.994817 0.753303 0.696457 0.957994 0.7293 0.980372 0.929181 0.421532 0.943886 0.992986 0.62421 

459.486 403.626 489.505 418.539 465.243 476.506 446.365 461.032 410.14 428.169 405.152 462.179 

118.36 118.36 118.36 118.36 118.36 118.36 118.36 118.36 118.36 118.36 118.36 118.36 

0.117501 0.162007 0.245837 0.133025 0.223509 0.117688 
0.146985 0.0329846 0.333004 0.118684 0.039449 0.328509 
0.25578 0.160991 0.0478198 0.0164298 0.284068 0.234583 
0.168273 0.0621642 0.22256 0.275488 0.0862242 0.185011 
0.132928 0.208051 0.270218 0.0486988 0.0142072 0.325517 
0.108102 0.259396 0.18487 0.271854 0.0469733 0.128533 
0.130291 0.0361359 0.238733 0.239177 0.206559 0.148793 
0.148921 0.12116 0.0645122 0.276767 0.10517 0.283147 
0.0440754 0.201451 0.200539 0.193298 0.242837 0.117443 
0.0157588 0.298922 0.17901 0.170378 0.0896062 0.24599 
0.132587 0.0462485 0.283032 0.169976 0.217137 0.150717 
0.16496 0.191767 0.092946 0.174942 0.168845 0.206328 

141.689 169.055 137.759 142.252 153.16 96.6684 

3 3 3 3 3 3 

16.6802 71.0047 37.0914 41.4221 24.6468 19.029 

0 1 2 
3 4 
5 6 7 8 9 
10 11 12 
13 
14 15 

0 1 2 
3 4 
5 6 7 8 9 
10 11 12 
13 
14 15 

