12
14
7
7
8.18647 9.66861 6.66639 9.13663 6.00711 8.49871 9.09323 10.0676 6.73336 8.71986 11.6668 11.7832 11.4182 11.7008 

2.2799 3.12618 3.34547 2.90943 2.1666 3.1201 3.02324 2.27811 2.53103 3.32069 1.99947 2.603 1.76944 1.69985 

25.9836 10.9073 31.6469 29.2918 20.4043 30.9705 29.1764 14.252 9.14403 19.0071 10.4357 19.6651 10.6277 20.8719 

1 1 1 1 1 1 1 1 1 1 1 1 1 1 

17.782 32.2992 35.4757 45.906 33.9923 43.8527 43.241 13.8099 17.8656 31.0077 21.4253 25.4425 40.4069 23.4705 

49.3725 32.8847 35.5574 80.3579 79.669 78.7452 24.5325 95.9058 83.1601 42.8734 77.1708 60.7825 30.3563 99.9524 

0.464645 0.81817 0.487201 0.715809 0.7445 0.844088 0.674074 0.951939 0.948697 0.593104 0.513354 0.979377 0.73434 0.683182 

408.49 424.317 430.648 447.363 411.387 419.652 486.944 485.748 450.476 467.362 442.389 408.24 

82.3754 82.3754 82.3754 82.3754 82.3754 82.3754 82.3754 82.3754 82.3754 82.3754 82.3754 82.3754 

0.0163618 0.154861 0.133196 0.111392 0.105014 0.11502 0.363652 
0.0274379 0.00653032 0.244331 0.199539 0.0779635 0.22893 0.214959 
0.0384017 0.234116 0.188499 0.123959 0.327826 0.0749605 0.0118284 
0.117906 0.0751205 0.282233 0.189537 0.00169298 0.195969 0.137257 
0.189954 0.146364 0.0935216 0.138925 0.193019 0.100884 0.137077 
0.140973 0.0524508 0.0456749 0.14261 0.241972 0.178416 0.197628 
0.0339249 0.0701607 0.0148472 0.258809 0.187698 0.174553 0.259709 
0.11493 0.00603451 0.235047 0.0850922 0.170066 0.16444 0.224137 
0.140147 0.185264 0.280617 0.0171132 0.0474578 0.238513 0.0905545 
0.195023 0.179253 0.117345 0.0984891 0.0761154 0.0842842 0.249193 
0.158472 0.07544 0.231326 0.19906 0.279425 0.0231407 0.0328511 
0.233637 0.126744 0.137092 0.0368744 0.202106 0.0950867 0.168194 

134.065 101.645 109.203 110.909 163.334 102.443 162.466 

3 3 3 3 3 3 3 

13.7377 47.2682 49.133 28.2449 33.7304 41.5489 39.0308 

0 1 2 
3 
4 
5 6 7 
8 9 
10 11 12 
13 

0 1 2 
3 
4 
5 6 7 
8 9 
10 11 12 
13 

