12
12
3
3
8.65503 9.31386 8.51754 7.5066 7.46819 7.74303 10.4177 9.98977 7.75242 11.2425 9.07476 6.14897 

2.30948 2.99994 2.92285 2.36072 2.55588 2.67559 3.20322 3.35596 1.80483 2.91113 1.8698 2.04436 

8.52935 16.2556 21.7988 22.4943 23.695 10.5597 20.6612 17.4048 10.9272 19.4026 29.5925 30.0706 

1 1 1 1 1 1 1 1 1 1 1 1 

45.5821 21.7931 37.4201 19.3521 41.8178 18.6942 31.3552 40.0635 37.4989 38.7807 28.1469 15.0418 

52.3633 75.4648 84.7737 100.372 74.1716 29.0506 47.4027 93.7364 51.8965 84.6992 35.3493 52.5928 

0.95216 0.94129 0.837554 0.629279 0.489593 0.521903 0.551917 0.659291 0.68971 0.747731 0.874109 0.883243 

444.634 457.81 493.306 489.186 443.08 403.148 494.955 404.876 454.844 400.73 429.656 471.011 

165.401 165.401 165.401 165.401 165.401 165.401 165.401 165.401 165.401 165.401 165.401 165.401 

0.48425 0.153402 0.361246 
0.251449 0.354876 0.392526 
0.429271 0.172081 0.39816 
0.280836 0.411563 0.307157 
0.167981 0.457964 0.373451 
0.272237 0.200782 0.526442 
0.145686 0.424018 0.429743 
0.29545 0.36777 0.336285 
0.543704 0.104787 0.350882 
0.459134 0.468894 0.0714951 
0.48159 0.0401979 0.477656 
0.529184 0.316865 0.153135 

94.5528 80.1378 82.5882 

3 3 3 

23.9937 60.1736 29.2139 

0 1 2 3 4 5 6 7 
8 9 10 
11 

0 1 2 3 4 5 6 7 
8 9 10 
11 

