12
14
5
5
7.30576 6.61085 6.48942 10.9176 8.80831 7.68287 8.48299 10.3304 8.10748 6.47637 10.4237 10.3933 11.94 8.34318 

1.65378 1.79748 3.34986 3.20764 3.20709 3.51381 2.23988 1.65896 2.51789 1.68771 1.85589 2.09267 1.90117 2.52976 

20.873 28.2669 27.5325 23.4154 9.11521 32.2084 27.3162 14.1186 6.23832 30.1038 14.7896 11.0189 13.8027 6.30723 

1 1 1 1 1 1 1 1 1 1 1 1 1 1 

34.3981 38.1293 45.3501 37.7672 41.1268 33.6283 20.331 29.8959 35.7115 33.7304 15.3683 40.956 23.1391 43.9718 

109.605 77.0011 98.7147 61.1015 38.4021 69.654 102.817 70.4238 33.2179 59.0172 83.9902 68.9674 52.8338 51.5631 

0.438243 0.727695 0.466286 0.544106 0.468078 0.702589 0.621883 0.604568 0.430668 0.592307 0.963287 0.484934 0.731112 0.981929 

446.01 499.47 463.213 416.813 406.79 441.369 465.045 408.764 492.33 495.785 476.798 425.827 

109.986 109.986 109.986 109.986 109.986 109.986 109.986 109.986 109.986 109.986 109.986 109.986 

0.300899 0.277943 0.00305782 0.267285 0.150266 
0.193503 0.283461 0.0670137 0.278584 0.17715 
0.311454 0.236187 0.0928168 0.297624 0.0614589 
0.194781 0.252768 0.253986 0.178132 0.120052 
0.238904 0.200378 0.34978 0.164661 0.0457529 
0.0306794 0.230596 0.397959 0.137031 0.203101 
0.268856 0.2131 0.131302 0.202058 0.184104 
0.280713 0.0935403 0.182262 0.21666 0.22648 
0.00192248 0.279774 0.31002 0.337845 0.069958 
0.154734 0.356853 0.333462 0.0117229 0.142786 
0.119167 0.156169 0.216151 0.258454 0.249607 
0.0733207 0.0455672 0.385981 0.42009 0.0745185 

151.225 87.7476 110.167 139.702 159.603 

3 3 3 3 3 

56.4251 49.696 51.8823 19.4673 38.5419 

0 
1 2 
3 4 5 6 
7 8 9 10 11 
12 13 

0 
1 2 
3 4 5 6 
7 8 9 10 11 
12 13 

