12
16
5
5
10.9525 6.96976 7.65757 7.83096 8.4119 6.41001 7.5224 8.74843 11.144 6.85181 11.6247 10.7726 9.59913 10.9529 10.5129 10.8222 

2.92627 1.86031 3.07052 3.53939 1.92672 2.13744 2.36761 2.56269 2.14014 2.80211 3.30779 2.76764 2.42796 3.29978 2.38605 1.76495 

6.30012 10.5314 21.7178 12.3889 9.37898 26.4183 27.9055 20.308 26.4911 26.2013 7.97339 10.9554 16.4751 29.0769 10.7002 19.6799 

1 1 1 1 1 1 1 1 1 1 1 1 1 1 1 1 

39.519 28.1737 29.1131 45.5818 27.6285 24.1611 44.5671 21.3306 20.9221 17.888 25.5056 23.3003 23.6233 27.6006 37.9833 27.8992 

43.5857 25.4957 67.634 87.1491 104.591 67.8666 65.2329 83.222 98.9095 70.9432 49.9829 51.3561 42.1368 101.098 41.7401 36.1482 

0.886112 0.847033 0.795174 0.491196 0.458245 0.873061 0.543604 0.485247 0.896582 0.414485 0.42511 0.782682 0.450813 0.590965 0.936861 0.529966 

456.996 405.878 488.26 403.21 412.183 450.142 439.943 453.455 460.786 444.295 473.833 426.465 

122.333 122.333 122.333 122.333 122.333 122.333 122.333 122.333 122.333 122.333 122.333 122.333 

0.221231 0.231203 0.225977 0.244074 0.0772452 
0.155372 0.252351 0.0994555 0.210775 0.281735 
0.30236 0.113947 0.078611 0.386068 0.118628 
0.0429059 0.297398 0.0292776 0.272807 0.357234 
0.341665 0.00654309 0.224176 0.179978 0.247294 
0.328237 0.0681572 0.158236 0.107051 0.33772 
0.28037 0.043333 0.428531 0.232513 0.0143467 
0.132144 0.0471347 0.371927 0.0565935 0.391756 
0.205847 0.175555 0.172949 0.226625 0.218775 
0.00279498 0.333195 0.100674 0.373259 0.189474 
0.0931065 0.00197646 0.0864437 0.425997 0.391739 
0.171999 0.0913912 0.223147 0.235707 0.277301 

148.289 72.675 92.9412 68.19 62.1972 

3 3 3 3 3 

21.4079 53.0606 28.3686 30.6382 30.3207 

0 1 
2 3 4 5 6 
7 8 
9 10 11 
12 13 14 15 

0 1 
2 3 4 5 6 
7 8 
9 10 11 
12 13 14 15 

