12
10
4
4
6.26152 7.16066 6.93054 11.944 11.1915 6.6672 8.81032 10.0536 6.29194 7.82439 

2.27488 2.75627 3.15108 2.41158 2.22842 1.7694 3.38185 2.49923 2.70188 3.36584 

19.461 31.8424 25.4277 16.0926 21.5868 31.34 21.0136 30.5553 8.99744 20.5843 

1 1 1 1 1 1 1 1 1 1 

27.6724 22.2143 26.5576 35.027 25.4446 25.0714 21.6627 47.2278 16.673 33.4912 

24.7991 43.9262 52.1609 68.6831 69.1432 83.1241 46.1081 86.7641 41.6943 84.4029 

0.965592 0.8398 0.820665 0.882593 0.463494 0.493015 0.44039 0.976318 0.953843 0.470981 

459.839 492.867 455.549 457.715 443.378 466.987 427.648 489.863 462.947 474.606 482.273 421.566 

98.1216 98.1216 98.1216 98.1216 98.1216 98.1216 98.1216 98.1216 98.1216 98.1216 98.1216 98.1216 

0.244325 0.228522 0.263979 0.262898 
0.275637 0.343544 0.0859975 0.294435 
0.256095 0.306009 0.34078 0.0967593 
0.209701 0.325067 0.285172 0.179357 
0.134487 0.0999812 0.479196 0.285657 
0.170924 0.493356 0.217746 0.116706 
0.104628 0.276081 0.319272 0.299539 
0.348899 0.063105 0.430673 0.15667 
0.229504 0.299221 0.174126 0.296757 
0.300952 0.424341 0.120817 0.15345 
0.0993553 0.198417 0.23581 0.465863 
0.0180141 0.377294 0.376936 0.227285 

90.9156 150.963 167.488 158.848 

3 3 3 3 

48.0204 65.059 55.9141 33.1487 

0 1 2 
3 4 5 6 
7 8 
9 

0 1 2 
3 4 5 6 
7 8 
9 

