12
6
3
3
9.22528 8.53582 11.7771 11.4862 11.5868 11.2366 

3.12767 1.73368 3.47965 1.75516 2.34393 3.22548 

29.0221 17.0988 14.7858 11.4559 23.5962 8.80799 

1 1 1 1 1 1 

20.3096 25.3395 46.3651 19.7306 20.0198 39.559 

93.3662 104.789 106.541 37.1385 93.0188 92.4026 

0.483644 0.815514 0.971703 0.699951 0.6354 0.753362 

473.871 491.618 425.031 464.043 486.661 459.581 410.739 466.433 469.466 491.151 463.346 465.501 

151.882 151.882 151.882 151.882 151.882 151.882 151.882 151.882 151.882 151.882 151.882 151.882 

0.360085 0.280873 0.358635 
0.44428 0.105176 0.44937 
0.381383 0.378594 0.239147 
0.210306 0.23257 0.556534 
0.190014 0.382945 0.426529 
0.320348 0.373289 0.305981 
0.340912 0.267593 0.390791 
0.291319 0.299566 0.408621 
0.437621 0.52301 0.0383796 
0.293835 0.341973 0.363713 
0.204167 0.156338 0.638668 
0.0354753 0.401901 0.56179 

125.756 52.9652 71.3418 

3 3 3 

43.0286 28.4681 15.2169 

0 
1 2 
3 4 5 

0 
1 2 
3 4 5 

