12
6
4
4
6.26456 6.05691 8.61942 6.25135 8.06763 11.6464 

1.83749 2.65095 3.56004 3.29194 2.83139 2.16632 

26.1291 18.8556 28.7467 6.3388 6.64085 24.8878 

1 1 1 1 1 1 

39.0756 29.4686 44.0887 30.7796 21.7814 25.1609 

76.547 26.7901 51.3196 42.2627 58.8637 80.5541 

0.634786 0.968817 0.696506 0.911938 0.877722 0.649543 

464.349 476.084 423.275 437.931 433.447 458.994 429.155 464.354 465.76 466.58 400.79 446.098 

124.61 124.61 124.61 124.61 124.61 124.61 124.61 124.61 124.61 124.61 124.61 124.61 

0.168803 0.214868 0.246446 0.369478 
0.335974 0.267682 0.345629 0.0502791 
0.446661 0.109962 0.176111 0.266634 
0.12148 0.362464 0.117421 0.39818 
0.320867 0.0473432 0.403678 0.227663 
0.194315 0.138651 0.341834 0.324732 
0.225267 0.236846 0.20288 0.334583 
0.317362 0.47865 0.0235098 0.179136 
0.51778 0.0505352 0.102057 0.32893 
0.417182 0.109007 0.345637 0.127619 
0.292141 0.150279 0.254051 0.302914 
0.273298 0.113257 0.257784 0.355101 

69.8214 55.4852 66.3084 92.1426 

3 3 3 3 

53.4082 23.8442 34.946 21.5756 

0 1 
2 
3 4 
5 

0 1 
2 
3 4 
5 

