12
6
2
2
11.0587 10.2566 9.73074 10.5794 11.1847 7.68243 

2.58115 1.8278 3.37296 2.83802 2.35809 3.17905 

27.0555 13.4937 28.5285 24.7371 9.94868 6.8108 

1 1 1 1 1 1 

47.2149 27.8434 42.1997 44.2948 20.0429 47.2396 

92.8057 38.9711 48.7713 55.1848 37.0693 58.8124 

0.410161 0.630572 0.828581 0.748894 0.703403 0.87496 

430.148 468.208 476.536 447.063 476.582 434.314 491.269 432.623 425.055 493.785 407.922 424.73 

134.519 134.519 134.519 134.519 134.519 134.519 134.519 134.519 134.519 134.519 134.519 134.519 

0.762932 0.235284 
0.659533 0.3396 
0.380582 0.618436 
0.418533 0.580872 
0.475448 0.523848 
0.126177 0.872691 
0.531409 0.467897 
0.422625 0.576567 
0.456831 0.5426 
0.115987 0.882573 
0.730697 0.267898 
0.939287 0.0561722 

167.124 159.105 

3 3 

17.7498 67.0831 

0 1 
2 3 4 5 

0 1 
2 3 4 5 

