12
6
2
2
10.8145 6.24737 7.56832 6.25392 10.7742 9.8949 

2.10554 1.85026 2.38554 3.43543 3.27479 2.94439 

27.963 10.2632 17.3648 13.1214 25.003 29.0539 

1 1 1 1 1 1 

16.8195 38.0949 24.1622 16.1394 31.4848 20.0002 

81.9745 67.0461 109.853 70.0057 68.3518 51.5261 

0.882525 0.675083 0.430127 0.403276 0.706424 0.45244 

472.45 414.304 495.571 463.539 481.829 444.226 468.905 488.989 462.059 476.829 437.159 461.426 

91.9814 91.9814 91.9814 91.9814 91.9814 91.9814 91.9814 91.9814 91.9814 91.9814 91.9814 91.9814 

0.775319 0.216792 
0.137952 0.859965 
0.00718238 0.991498 
0.628893 0.368584 
0.204962 0.794243 
0.614498 0.384791 
0.553621 0.445789 
0.479343 0.520076 
0.510935 0.488503 
0.948475 0.0496336 
0.600333 0.397972 
0.189739 0.808796 

172.24 81.2334 

3 3 

66.4964 42.6822 

0 1 2 
3 4 5 

0 1 2 
3 4 5 

