12
6
4
4
11.2492 6.58999 7.44763 11.9365 9.08069 6.98323 

3.23891 2.50787 3.06065 3.30755 2.26132 2.59278 

17.4854 21.3092 6.58238 12.6604 24.9144 8.55005 

1 1 1 1 1 1 

29.4444 37.0512 43.396 21.8783 21.5527 33.4333 

100.903 29.2971 48.6874 83.2246 84.6193 50.0608 

0.996088 0.531032 0.967761 0.937363 0.949898 0.891184 

404.53 486.542 499.044 419.85 419.438 496.326 445.202 441.958 424.921 414.2 482.94 461.263 

92.4603 92.4603 92.4603 92.4603 92.4603 92.4603 92.4603 92.4603 92.4603 92.4603 92.4603 92.4603 

0.227546 0.497264 0.0764363 0.198207 
0.342386 0.285751 0.211793 0.159695 
0.274042 0.0657292 0.344617 0.315185 
0.315758 0.295506 0.00525918 0.382996 
0.42617 0.0698716 0.363858 0.139442 
0.156641 0.39525 0.415206 0.0322518 
0.365933 0.0797734 0.179647 0.373917 
0.376235 0.040605 0.474954 0.107605 
0.125522 0.240989 0.193813 0.439184 
0.275796 0.294514 0.0407397 0.388493 
0.224819 0.310363 0.382557 0.0815795 
0.126827 0.448959 0.0931131 0.330583 

113.863 85.8534 93.552 89.3034 

3 3 3 3 

25.0217 22.8945 29.851 28.2919 

0 1 2 
3 
4 
5 

0 1 2 
3 
4 
5 

