12
6
3
3
6.89982 9.6281 10.9894 11.2197 9.32459 8.45315 

2.79812 2.51464 2.10582 2.45465 3.03553 1.8084 

22.577 12.892 31.6692 24.0087 20.0128 27.5623 

1 1 1 1 1 1 

19.1848 30.2617 30.0085 41.2395 34.6606 33.8289 

100.567 64.6259 82.9801 106.066 105.759 104.955 

0.652448 0.475354 0.715776 0.453907 0.905884 0.821215 

419.525 408.792 489.194 400.242 400.028 432.671 499.416 450.35 414.824 465.564 489.967 427.813 

161.258 161.258 161.258 161.258 161.258 161.258 161.258 161.258 161.258 161.258 161.258 161.258 

0.114783 0.571939 0.312424 
0.0477805 0.504385 0.447268 
0.0623842 0.568511 0.367972 
0.369483 0.348249 0.281675 
0.225656 0.242742 0.530938 
0.44341 0.0661645 0.489855 
0.257103 0.323337 0.418547 
0.00347149 0.992903 0.00261127 
0.204766 0.526739 0.26794 
0.551633 0.307316 0.140455 
0.405442 0.230972 0.362847 
0.487962 0.140666 0.370871 

129.983 61.5372 132.559 

3 3 3 

28.6723 61.842 43.4099 

0 
1 2 3 4 
5 

0 
1 2 3 4 
5 

