12
6
4
4
9.73647 7.05456 6.81375 6.44315 7.65782 9.67792 

3.15009 3.28122 2.39288 2.79176 3.31449 2.5536 

16.0645 22.131 31.6831 22.7909 22.1095 25.2686 

1 1 1 1 1 1 

32.4058 46.6767 46.2443 31.042 14.0313 28.9182 

35.583 106.96 29.3607 66.3602 90.0831 67.3043 

0.497302 0.869306 0.860013 0.685607 0.919466 0.518107 

490.849 428.66 421.905 483.311 492.651 463.86 454.421 411.287 446.8 482.547 489.263 485.522 

65.6503 65.6503 65.6503 65.6503 65.6503 65.6503 65.6503 65.6503 65.6503 65.6503 65.6503 65.6503 

0.329413 0.335004 0.096965 0.238227 
0.142557 0.290548 0.318686 0.247827 
0.270202 0.277849 0.27162 0.179996 
0.337865 0.295503 0.357031 0.00916445 
0.215285 0.322887 0.421079 0.0396753 
0.327821 0.193494 0.231081 0.247172 
0.404451 0.128582 0.13644 0.330121 
0.218294 0.220313 0.066696 0.493994 
0.327916 0.138453 0.48945 0.0435711 
0.109862 0.315663 0.335154 0.238937 
0.190582 0.129584 0.428093 0.251103 
0.427932 0.172232 0.0589778 0.340419 

97.3938 153.707 161.179 153.993 

3 3 3 3 

54.7515 12.5949 51.0307 56.4701 

0 
1 2 3 
4 
5 

0 
1 2 3 
4 
5 

