12
6
3
3
7.08064 11.6382 10.9665 8.8619 7.32309 6.97023 

3.59368 2.37487 2.10443 2.60721 3.09044 3.48652 

30.2882 18.032 16.6653 32.2125 26.374 17.7855 

1 1 1 1 1 1 

22.265 26.1774 43.5581 40.4101 44.9905 28.9014 

37.0937 66.1014 48.8413 42.0714 90.2485 68.2711 

0.401517 0.446007 0.905387 0.895127 0.692501 0.735543 

477.531 443.085 408.328 445.706 492.09 447.252 492.582 499.633 468.511 434.163 404.657 427.37 

129.281 129.281 129.281 129.281 129.281 129.281 129.281 129.281 129.281 129.281 129.281 129.281 

0.0853059 0.64826 0.26543 
0.483582 0.196997 0.318477 
0.0151508 0.573423 0.41085 
0.188423 0.424966 0.386138 
0.393114 0.306811 0.298418 
0.34041 0.336425 0.32275 
0.355966 0.265723 0.377895 
0.135689 0.417268 0.446529 
0.529667 0.469585 0.000205399 
0.412691 0.173384 0.412468 
0.361922 0.40779 0.229861 
0.682051 0.281654 0.0343336 

161.746 98.2632 55.0978 

3 3 3 

21.2518 21.0412 49.3851 

0 
1 
2 3 4 5 

0 
1 
2 3 4 5 

