12
6
4
4
7.29377 11.421 9.98832 6.15356 6.91286 6.15463 

1.72115 1.9118 3.09179 2.16068 2.7805 3.34678 

25.8857 7.77384 19.6151 13.8733 17.6678 31.8028 

1 1 1 1 1 1 

33.6864 44.1459 27.4161 17.5976 44.3151 45.07 

48.9255 26.0824 53.338 30.5124 98.6139 60.9747 

0.656747 0.6774 0.624945 0.902202 0.883718 0.724286 

418.56 474.773 426.245 405.262 455.584 421.553 411.662 405.557 474.434 468.412 453.664 426.859 

83.4978 83.4978 83.4978 83.4978 83.4978 83.4978 83.4978 83.4978 83.4978 83.4978 83.4978 83.4978 

0.411624 0.280159 0.196121 0.111616 
0.371372 0.218487 0.355199 0.0545687 
0.338186 0.112948 0.219155 0.32932 
0.406038 0.463178 0.0251433 0.105132 
0.137503 0.270269 0.478514 0.113223 
0.195739 0.0588195 0.130009 0.614684 
0.26051 0.358488 0.100731 0.279878 
0.138965 0.309287 0.436485 0.114341 
0.0824976 0.00629103 0.63346 0.276633 
0.212836 0.158952 0.29779 0.329967 
0.148415 0.288345 0.215906 0.346915 
0.317732 0.190423 0.414813 0.0764762 

87.4488 69.2706 124.034 138.118 

3 3 3 3 

12.4132 66.9085 42.1448 54.052 

0 
1 2 
3 
4 5 

0 
1 2 
3 
4 5 

