12
6
3
3
8.50292 9.5543 9.0804 10.7546 10.2293 10.9096 

2.14167 3.05708 3.41448 3.53642 3.37316 1.64084 

8.95932 22.178 17.4125 27.0495 20.2863 20.6795 

1 1 1 1 1 1 

38.7254 29.1086 22.8144 22.8878 34.7066 14.2282 

85.9133 109.309 72.8486 60.4796 30.3518 39.6508 

0.729153 0.783981 0.400233 0.864691 0.64457 0.642628 

410.325 417.308 436.854 478.059 407.778 416.817 412.48 415.533 483 418.997 442.852 499.743 

81.9432 81.9432 81.9432 81.9432 81.9432 81.9432 81.9432 81.9432 81.9432 81.9432 81.9432 81.9432 

0.207724 0.372644 0.418616 
0.519724 0.322355 0.157186 
0.169013 0.469732 0.360776 
0.32603 0.309034 0.364546 
0.249651 0.301471 0.448262 
0.211716 0.23776 0.549902 
0.152343 0.575581 0.271419 
0.615072 0.0566278 0.327677 
0.0594297 0.354138 0.585798 
0.584513 0.0910099 0.323243 
0.126955 0.404604 0.467961 
0.204936 0.4868 0.307334 

76.8924 149.308 71.6874 

3 3 3 

23.9455 34.5001 26.4603 

0 1 
2 3 4 
5 

0 1 
2 3 4 
5 

