12
8
4
4
7.26244 7.28529 11.237 7.34196 8.37781 10.0381 8.59021 9.99146 

2.1839 2.81616 2.92668 2.77962 3.03086 1.6076 1.79693 2.15925 

23.0863 16.6079 11.4441 24.1878 18.0201 31.6275 30.2075 16.6062 

1 1 1 1 1 1 1 1 

45.1501 30.0175 32.2418 37.5805 47.2299 34.5894 46.9752 26.932 

45.4298 75.3567 98.7626 31.6308 28.1823 89.7318 29.1003 63.6221 

0.76578 0.878575 0.495089 0.440931 0.761192 0.935347 0.754416 0.559795 

418.539 460.681 478.001 453.089 466.113 431.091 492.082 447.359 447.618 435.725 448.38 456.706 

104.87 104.87 104.87 104.87 104.87 104.87 104.87 104.87 104.87 104.87 104.87 104.87 

0.0536244 0.0936651 0.45233 0.399806 
0.04913 0.261732 0.413076 0.275537 
0.43822 0.256316 0.211057 0.0938322 
0.266326 0.209405 0.329215 0.194718 
0.242795 0.56332 0.108835 0.0843037 
0.713859 0.0596543 0.0353959 0.190264 
0.311244 0.323995 0.061569 0.302739 
0.421579 0.343081 0.18014 0.054771 
0.253191 0.263037 0.196652 0.286345 
0.0537315 0.0377442 0.736759 0.170903 
0.147676 0.181053 0.360055 0.310827 
0.234373 0.324485 0.114231 0.326548 

141.54 110.929 108.216 111.403 

3 3 3 3 

32.9275 18.4863 47.7622 36.083 

0 
1 2 3 4 
5 6 
7 

0 
1 2 3 4 
5 6 
7 

