12
8
4
4
7.11289 6.08311 8.67869 10.8888 9.77868 10.6494 6.48141 6.62286 

2.26202 3.55152 2.62808 2.50841 2.85443 2.64049 3.47468 3.34925 

28.6307 31.0857 32.1076 23.3193 14.9479 14.47 13.2719 29.9417 

1 1 1 1 1 1 1 1 

30.3176 23.9609 41.4113 14.8056 44.6085 17.5297 24.5362 19.7301 

46.4415 74.0208 55.451 48.6425 92.4243 72.0423 79.3404 81.7265 

0.67612 0.547217 0.624492 0.861995 0.742018 0.96905 0.531153 0.608859 

430.409 433.306 459.582 404.424 431.429 498.128 449.377 478.689 405.906 424.906 425.298 482.422 

64.1347 64.1347 64.1347 64.1347 64.1347 64.1347 64.1347 64.1347 64.1347 64.1347 64.1347 64.1347 

0.437411 0.0978639 0.232175 0.232073 
0.00634569 0.268901 0.6408 0.0829973 
0.331046 0.350143 0.0338671 0.284443 
0.295479 0.326862 0.256762 0.120557 
0.41808 0.236406 0.16922 0.175558 
0.245649 0.274438 0.204944 0.274542 
0.00279897 0.17937 0.440544 0.376791 
0.197712 0.250889 0.190377 0.360315 
0.307713 0.350024 0.320918 0.0207929 
0.0586586 0.166512 0.13469 0.639485 
0.243501 0.217351 0.185416 0.353324 
0.451805 0.183989 0.11347 0.250254 

118.782 143.752 150.692 151.937 

3 3 3 3 

15.3003 71.7191 16.5136 48.5249 

0 1 2 
3 
4 5 6 
7 

0 1 2 
3 
4 5 6 
7 

