12
8
5
5
10.24 8.31829 7.36971 9.0866 10.4914 11.7419 8.54357 11.2987 

2.40172 3.36144 1.64303 2.90767 2.1183 3.53356 2.3934 1.7223 

10.681 11.4478 24.8532 30.599 18.8988 18.2038 6.76283 24.7595 

1 1 1 1 1 1 1 1 

40.5219 35.8766 38.1937 38.7556 31.5226 43.6518 35.2755 27.7826 

45.1672 101.782 42.7332 52.9235 29.1722 57.7113 42.5629 91.8372 

0.752597 0.964089 0.520237 0.449104 0.856253 0.809538 0.477624 0.429508 

405.158 433.905 409.07 479.199 429.978 481.076 488.672 420.617 442.461 438.482 423.541 460.148 

111.074 111.074 111.074 111.074 111.074 111.074 111.074 111.074 111.074 111.074 111.074 111.074 

0.245975 0.203915 0.219749 0.160234 0.169769 
0.142686 0.280216 0.0928299 0.153298 0.330602 
0.0706826 0.247541 0.260688 0.095053 0.32554 
0.404244 0.0912675 0.246822 0.0389464 0.218278 
0.0354123 0.431724 0.269214 0.0459351 0.217258 
0.356605 0.205409 0.0690585 0.0325159 0.336032 
0.0679492 0.345747 0.231523 0.342784 0.011581 
0.231482 0.0143121 0.317061 0.295203 0.141589 
0.360332 0.0573738 0.405057 0.00385969 0.172943 
0.0290145 0.233799 0.237825 0.272967 0.22609 
0.240435 0.278848 0.236022 0.0100106 0.234378 
0.355698 0.110487 0.11057 0.2194 0.203457 

72.1536 135.164 54.8607 150.315 117.752 

3 3 3 3 3 

26.4888 41.4037 57.0678 57.6668 53.0483 

0 
1 
2 3 4 5 
6 
7 

0 
1 
2 3 4 5 
6 
7 

