12
8
4
4
8.37131 10.2007 7.86627 6.27263 6.09556 10.541 6.8737 8.97999 

1.93335 1.96769 1.73558 3.2371 1.92294 1.79806 2.25998 1.86403 

12.3101 10.649 6.02908 13.2768 24.5824 22.6742 8.00395 21.659 

1 1 1 1 1 1 1 1 

35.3673 16.1403 32.3785 27.9788 46.89 36.5079 14.711 47.3595 

93.0314 71.9327 83.4566 96.8097 72.6365 29.31 81.8352 67.6148 

0.921466 0.667739 0.761325 0.953471 0.953757 0.597334 0.913828 0.832633 

467.707 458.002 405.872 482.302 402.415 435.866 498.255 447.455 439.758 421.905 480.137 441.639 

128.053 128.053 128.053 128.053 128.053 128.053 128.053 128.053 128.053 128.053 128.053 128.053 

0.225563 0.225865 0.349663 0.198558 
0.0154511 0.647558 0.217082 0.119197 
0.12648 0.208063 0.316392 0.34869 
0.249139 0.189821 0.31234 0.248294 
0.0228119 0.0362845 0.676131 0.263981 
0.321251 0.286098 0.134865 0.257376 
0.0787314 0.238087 0.296812 0.385969 
0.342759 0.334154 0.0764323 0.245991 
0.193346 0.107114 0.309638 0.389305 
0.426605 0.332732 0.0197091 0.220154 
0.340861 0.218712 0.0196162 0.420123 
0.357671 0.271742 0.189263 0.180957 

155.273 63.5316 85.7922 130.226 

3 3 3 3 

38.2935 31.5017 46.5119 71.5104 

0 
1 2 
3 4 5 6 
7 

0 
1 2 
3 4 5 6 
7 

