12
8
5
5
8.90793 6.66777 9.89651 10.0525 9.56288 6.77645 6.34621 9.76233 

3.12765 3.35459 1.78425 3.19692 2.42144 1.77406 2.18039 3.42984 

31.5687 21.6937 18.1219 31.9159 27.4756 22.968 18.2879 29.9983 

1 1 1 1 1 1 1 1 

25.0353 15.8462 35.8596 32.9375 44.6789 37.5474 30.0635 39.2758 

65.565 75.6422 38.718 95.1241 44.5598 106.988 95.0018 53.2331 

0.663186 0.59371 0.617885 0.665327 0.695543 0.898618 0.959952 0.538516 

476.196 428.734 489.593 499.424 459.298 476.968 417.268 434.901 455.022 472.092 419.036 487.577 

84.6274 84.6274 84.6274 84.6274 84.6274 84.6274 84.6274 84.6274 84.6274 84.6274 84.6274 84.6274 

0.0982876 0.250319 0.111612 0.283744 0.255661 
0.373456 0.146628 0.3129 0.146296 0.0202957 
0.286086 0.185837 0.180683 0.0630427 0.284062 
0.346533 0.294017 0.017846 0.210982 0.13027 
0.29269 0.225645 0.209733 0.104948 0.16669 
0.263637 0.0130141 0.194281 0.284307 0.244347 
0.234617 0.0636202 0.267592 0.142081 0.291798 
0.183781 0.334346 0.134614 0.268852 0.078065 
0.321248 0.327887 0.12149 0.0827148 0.146321 
0.0964454 0.268301 0.21171 0.175173 0.248084 
0.00804411 0.161322 0.125525 0.161691 0.542628 
0.270259 0.242668 0.104571 0.192619 0.189574 

156.316 51.968 82.77 106.462 157.52 

3 3 3 3 3 

55.335 33.1253 16.1504 18.3315 63.6099 

0 1 2 
3 
4 
5 6 
7 

0 1 2 
3 
4 
5 6 
7 

