12
8
4
4
8.07835 6.07958 9.47244 11.8739 7.28159 10.5515 10.1457 6.3479 

2.72618 3.35932 1.85325 2.51708 2.19738 1.73258 1.724 2.63642 

30.5063 18.8238 7.87746 26.6661 11.1369 27.8419 31.1311 7.43896 

1 1 1 1 1 1 1 1 

35.2016 46.9261 32.0016 42.8805 23.6927 46.2501 39.4323 19.57 

109.175 99.7226 82.6549 79.4193 99.4053 71.8785 74.9514 59.6811 

0.810604 0.842189 0.788506 0.622253 0.748323 0.994529 0.84124 0.462994 

472.362 466.424 489.63 442.582 486.914 488.576 445.811 471.157 455.54 402.356 480.504 482.896 

126.465 126.465 126.465 126.465 126.465 126.465 126.465 126.465 126.465 126.465 126.465 126.465 

0.182268 0.010587 0.146748 0.659576 
0.335719 0.311054 0.163771 0.188981 
0.0857551 0.419519 0.38457 0.109717 
0.150732 0.365356 0.231906 0.251443 
0.0715409 0.304009 0.370399 0.253524 
0.382546 0.0324794 0.252342 0.332231 
0.139605 0.251221 0.326856 0.281971 
0.219397 0.309535 0.360173 0.11053 
0.326917 0.212999 0.288927 0.170738 
0.344515 0.293614 0.0554897 0.305694 
0.162934 0.346703 0.338748 0.15076 
0.0236343 0.387005 0.126792 0.461932 

144.184 79.011 92.4852 103.208 

3 3 3 3 

43.1894 36.2519 36.3808 39.9038 

0 1 
2 3 
4 
5 6 7 

0 1 
2 3 
4 
5 6 7 

