12
8
3
3
9.49607 9.75376 7.32893 7.92712 8.98348 10.7684 10.189 6.88032 

2.63545 2.81962 3.23757 1.73237 1.68813 1.87815 3.47514 3.20011 

10.9885 24.7411 9.14159 10.4831 26.4391 14.6501 12.0752 17.8844 

1 1 1 1 1 1 1 1 

46.2015 18.693 19.4928 29.9607 15.9198 34.0801 39.0716 40.4615 

24.0678 62.2172 92.6193 108.208 38.6807 99.4463 29.5466 49.2115 

0.646427 0.731038 0.910246 0.913064 0.65751 0.891143 0.778145 0.80468 

434.934 428.974 412.228 429.906 489.696 496.294 402.458 478.606 445.093 412.056 410.948 489.804 

142.301 142.301 142.301 142.301 142.301 142.301 142.301 142.301 142.301 142.301 142.301 142.301 

0.408216 0.232726 0.358492 
0.235331 0.567365 0.196661 
0.499627 0.495284 0.00451451 
0.505689 0.0513894 0.442269 
0.365563 0.443392 0.19021 
0.339121 0.227948 0.432084 
0.42247 0.0277777 0.548895 
0.020782 0.519182 0.458914 
0.422776 0.342881 0.233838 
0.344015 0.312167 0.343322 
0.448795 0.448848 0.101759 
0.517382 0.379261 0.102122 

105.067 86.2572 99.918 

3 3 3 

33.9574 37.0427 53.831 

0 1 2 3 
4 5 6 
7 

0 1 2 3 
4 5 6 
7 

