12
8
3
3
11.6433 11.1707 11.3923 6.40748 7.92367 11.5541 10.9642 11.6391 

2.73799 2.23868 2.9318 1.64822 2.57389 2.43926 2.67034 3.13271 

23.3088 6.66701 13.1453 11.9133 19.7948 8.90295 15.7813 28.1377 

1 1 1 1 1 1 1 1 

33.2241 42.2629 30.4326 17.1974 46.8647 39.6927 32.5442 31.5147 

64.4877 52.0282 23.6293 88.2666 75.5543 36.6276 102.627 81.1126 

0.450282 0.430899 0.727142 0.898785 0.636619 0.558708 0.725419 0.447446 

415.68 454.115 469.123 467.338 490.005 465.845 499.666 476.888 485.649 431.774 466.472 483.225 

104.264 104.264 104.264 104.264 104.264 104.264 104.264 104.264 104.264 104.264 104.264 104.264 

0.686186 0.116643 0.196227 
0.630334 0.210866 0.158093 
0.431408 0.283106 0.284303 
0.282894 0.246777 0.46904 
0.394745 0.0661817 0.53846 
0.379846 0.466628 0.152997 
0.331719 0.357737 0.309034 
0.0610282 0.116505 0.821588 
0.36655 0.285745 0.347317 
0.273491 0.382466 0.343413 
0.307604 0.343488 0.348513 
0.317486 0.310835 0.371274 

116.8 126.925 131.287 

3 3 3 

14.8491 48.8013 16.8407 

0 1 2 
3 
4 5 6 7 

0 1 2 
3 
4 5 6 7 

