12
8
3
3
11.8823 9.57991 10.8144 11.6341 6.1014 8.15092 9.59114 10.7407 

2.08362 2.12413 3.19654 2.28605 1.95541 2.75802 2.00233 1.87157 

22.4289 21.3676 26.2817 9.1854 21.3617 21.95 13.482 29.525 

1 1 1 1 1 1 1 1 

15.4734 16.5031 25.5452 46.5082 33.5886 46.1095 30.1258 44.9519 

57.5795 54.4996 46.667 90.3204 30.937 92.5223 61.6204 61.5684 

0.708725 0.517654 0.498208 0.73324 0.998144 0.659753 0.409075 0.809959 

462.42 456.952 479.167 447.389 447.688 421.035 418.655 462.92 451.231 429.054 465.149 451.156 

143.049 143.049 143.049 143.049 143.049 143.049 143.049 143.049 143.049 143.049 143.049 143.049 

0.637338 0.130095 0.231925 
0.108278 0.353352 0.537683 
0.203789 0.169749 0.625831 
0.563862 0.410531 0.0245398 
0.427979 0.422155 0.149363 
0.226322 0.590681 0.182401 
0.631436 0.306726 0.0601193 
0.397621 0.2902 0.311735 
0.0132439 0.672214 0.313711 
0.309529 0.318266 0.371672 
0.072012 0.793461 0.133371 
0.438416 0.234416 0.326063 

99.6156 77.154 85.5696 

3 3 3 

28.2341 35.5061 14.663 

0 1 2 
3 4 
5 6 7 

0 1 2 
3 4 
5 6 7 

