12
8
4
4
8.31021 6.61436 8.804 11.2815 7.42099 10.7897 8.95658 10.9452 

2.11713 3.47001 3.4416 2.24308 3.59278 2.75103 2.45696 2.52298 

16.9551 9.7058 12.8655 31.9251 22.3275 12.9799 29.863 23.5611 

1 1 1 1 1 1 1 1 

14.2824 35.8152 26.4766 39.071 19.3256 18.4132 44.6039 28.8397 

36.9533 71.4454 63.8191 108.098 98.0367 72.5469 66.4831 44.0787 

0.546887 0.584545 0.759258 0.748853 0.661086 0.501054 0.687687 0.812246 

424.3 440.91 408.186 491.839 484.849 449.704 408.773 471.615 490.702 431.565 485.073 464.461 

102.679 102.679 102.679 102.679 102.679 102.679 102.679 102.679 102.679 102.679 102.679 102.679 

0.497444 0.216976 0.0905392 0.194504 
0.183172 0.209523 0.244997 0.361945 
0.250091 0.329526 0.291693 0.128326 
0.21122 0.386902 0.112987 0.288434 
0.107049 0.172066 0.284531 0.435868 
0.355331 0.11875 0.297226 0.22805 
0.462604 0.259549 0.170402 0.106972 
0.322307 0.384445 0.141256 0.151582 
0.376706 0.200953 0.28028 0.141624 
0.385552 0.122911 0.371799 0.119321 
0.233912 0.227208 0.181641 0.356881 
0.400775 0.482773 0.0569332 0.0585651 

118.1 75.6066 89.2608 95.532 

3 3 3 3 

33.1756 26.703 53.4147 37.9758 

0 
1 2 3 
4 
5 6 7 

0 
1 2 3 
4 
5 6 7 

